0.000132243 2.97002e-005 0.998152 0.00168584 
0.000132726 2.99699e-005 0.998273 0.00156478 
0.000133351 3.03284e-005 0.998424 0.00141202 
0.000133873 3.06379e-005 0.998548 0.00128738 
0.000133891 3.09499e-005 0.998499 0.00133576 
0.000134361 3.12372e-005 0.998605 0.0012298 
0.000134987 3.16324e-005 0.99874 0.00109312 
0.000135664 3.20872e-005 0.998879 0.00095293 
0.000136569 3.27647e-005 0.99905 0.000780584 
0.000135979 3.26044e-005 0.998893 0.000938824 
0.000136434 3.29184e-005 0.998978 0.000852747 
0.000137021 3.33276e-005 0.999085 0.000744278 
0.000137612 3.37514e-005 0.99919 0.000638358 
0.000138111 3.41261e-005 0.999276 0.000551844 
0.000137979 3.42626e-005 0.999223 0.000604542 
0.000138496 3.4671e-005 0.999297 0.000530223 
0.000139061 3.51102e-005 0.999378 0.000447554 
0.000139575 3.55127e-005 0.999452 0.000373306 
0.000139945 3.58089e-005 0.999503 0.000321389 
0.000139459 3.55415e-005 0.999436 0.000389393 
0.000140357 3.63339e-005 0.999533 0.000290322 
0.000140926 3.68193e-005 0.999595 0.000226774 
0.000141367 3.71951e-005 0.999643 0.000178715 
0.000141636 3.74239e-005 0.999671 0.000149651 
0.000142179 3.80347e-005 0.999713 0.000106422 
0.000142516 3.83412e-005 0.999739 7.99897e-005 
0.000142827 3.86263e-005 0.999761 5.75656e-005 
0.000142845 3.86251e-005 0.999765 5.37285e-005 
0.000143258 3.90884e-005 0.999796 2.13073e-005 
0.000143539 3.93623e-005 0.999808 9.32921e-006 
0.000143811 3.96344e-005 0.999817 5.18927e-008 
0.000123394 2.3805e-005 0.995757 0.00409601 
0.000124298 2.41853e-005 0.996048 0.00380318 
0.000125496 2.47219e-005 0.99643 0.00341984 
0.000126694 2.52901e-005 0.996807 0.00304081 
0.000127605 2.57457e-005 0.99709 0.00275631 
0.000125984 2.56993e-005 0.996474 0.00337448 
0.000126044 2.55785e-005 0.996505 0.00334338 
0.00012687 2.59265e-005 0.996759 0.00308861 
0.000127932 2.64266e-005 0.997078 0.00276765 
0.000129002 2.69606e-005 0.997395 0.002449 
0.000129984 2.74879e-005 0.997677 0.00216507 
0.000131241 2.82953e-005 0.998008 0.00183289 
0.000129038 2.78379e-005 0.997282 0.00256112 
0.000128754 2.75675e-005 0.99721 0.00263375 
0.000129756 2.80984e-005 0.997483 0.00235894 
0.000130592 2.85285e-005 0.997711 0.00213014 
0.000131455 2.8985e-005 0.997942 0.00189708 
0.000132241 2.94066e-005 0.998151 0.00168776 
0.000132698 2.96059e-005 0.998275 0.00156319 
0.000133269 2.9946e-005 0.998419 0.00141808 
0.000131313 2.94182e-005 0.997832 0.00200678 
0.000131618 2.95749e-005 0.997905 0.00193335 
0.000132621 3.01585e-005 0.998159 0.00167863 
0.0001334 3.06135e-005 0.998347 0.00148907 
0.000134172 3.10765e-005 0.998527 0.0013082 
0.000134915 3.15402e-005 0.998692 0.00114136 
0.000135561 3.19636e-005 0.998827 0.00100586 
0.000135881 3.21652e-005 0.998885 0.000946823 
0.000133973 3.13585e-005 0.998418 0.00141661 
0.000134386 3.1626e-005 0.998504 0.00133019 
0.000135244 3.21677e-005 0.998697 0.001136 
0.000135948 3.26298e-005 0.998841 0.000990291 
0.000136643 3.31001e-005 0.998976 0.000853989 
0.000137317 3.35738e-005 0.999101 0.000728456 
0.000137949 3.40463e-005 0.999206 0.000621582 
0.00013861 3.45974e-005 0.999293 0.000533852 
0.000139777 3.56204e-005 0.999458 0.000366641 
0.000136358 3.31912e-005 0.998888 0.000942395 
0.00013687 3.35798e-005 0.998972 0.000857866 
0.000137613 3.40946e-005 0.999112 0.00071647 
0.000138277 3.45876e-005 0.99922 0.000607075 
0.000138915 3.5074e-005 0.999318 0.000508206 
0.000139519 3.5548e-005 0.999405 0.000420005 
0.000140087 3.60202e-005 0.999478 0.000346335 
0.000140723 3.66016e-005 0.999539 0.000284137 
0.000141271 3.70975e-005 0.999602 0.000219773 
0.000138022 3.45335e-005 0.999179 0.00064817 
0.000138999 3.53643e-005 0.999307 0.000518405 
0.000139667 3.58745e-005 0.999408 0.000416228 
0.000140355 3.64423e-005 0.999493 0.000330631 
0.000140957 3.69509e-005 0.99956 0.000261811 
0.0001415 3.74245e-005 0.999616 0.000205046 
0.00014201 3.7896e-005 0.99966 0.000160372 
0.00014263 3.85213e-005 0.999695 0.000123943 
0.000143009 3.88919e-005 0.999723 9.48647e-005 
0.000141099 3.72407e-005 0.999569 0.000253013 
0.000141584 3.76603e-005 0.999617 0.000203575 
0.000142208 3.81966e-005 0.999676 0.000143481 
0.000142736 3.86818e-005 0.999715 0.000103449 
0.000143223 3.91519e-005 0.999744 7.33953e-005 
0.000143699 3.96419e-005 0.999764 5.28592e-005 
0.00014433 4.03279e-005 0.99978 3.55256e-005 
0.000144603 4.0612e-005 0.999791 2.36888e-005 
0.000142442 3.84996e-005 0.999705 0.00011383 
0.000142882 3.89154e-005 0.999732 8.64453e-005 
0.000143683 3.96786e-005 0.999775 4.17866e-005 
0.000144196 4.01937e-005 0.999793 2.25972e-005 
0.000144693 4.07208e-005 0.999803 1.13186e-005 
0.00014536 4.14777e-005 0.999807 6.60381e-006 
0.000145778 4.19471e-005 0.99981 2.14253e-006 
0.000145762 4.19157e-005 0.999812 1.07431e-008 
0.000145065 4.11738e-005 0.999814 5.12457e-008 
0.000145458 4.16001e-005 0.999813 1.36229e-008 
0.000145944 4.21461e-005 0.999812 1.40628e-008 
0.000146456 4.2737e-005 0.999811 1.36027e-008 
0.00014681 4.31514e-005 0.99981 1.64007e-008 
0.000112934 1.72931e-005 0.992202 0.00766732 
0.000114792 1.80336e-005 0.992909 0.00695863 
0.00011699 1.89729e-005 0.993737 0.00612682 
0.000118682 1.97454e-005 0.994364 0.00549774 
0.000113142 1.83292e-005 0.992281 0.00758727 
0.000114853 1.89598e-005 0.992891 0.00697515 
0.000116089 1.92384e-005 0.993334 0.00653109 
0.000117965 1.99683e-005 0.99401 0.00585252 
0.00011999 2.08581e-005 0.994733 0.00512574 
0.000121919 2.17989e-005 0.995406 0.00445021 
0.000124084 2.30058e-005 0.996126 0.00372739 
0.000117335 2.06698e-005 0.993718 0.00614369 
0.000119521 2.16553e-005 0.994462 0.00539702 
0.000121108 2.229e-005 0.994998 0.00485904 
0.000122731 2.29844e-005 0.995542 0.00431196 
0.000124337 2.37256e-005 0.996076 0.00377576 
0.000125798 2.44476e-005 0.996554 0.00329578 
0.000127042 2.50794e-005 0.996954 0.00289388 
0.000128653 2.60781e-005 0.99743 0.00241553 
0.000122677 2.40053e-005 0.99541 0.0044431 
0.000122826 2.39248e-005 0.995467 0.00438664 
0.000123885 2.43425e-005 0.995813 0.00403841 
0.000125156 2.48917e-005 0.996216 0.00363347 
0.0001265 2.55133e-005 0.996636 0.00321238 
0.000127817 2.61611e-005 0.99704 0.00280618 
0.000129028 2.67951e-005 0.997404 0.0024406 
0.000130111 2.74025e-005 0.997718 0.00212457 
0.000130746 2.77372e-005 0.997906 0.00193581 
0.000126707 2.64699e-005 0.996582 0.00326479 
0.000127036 2.65756e-005 0.996682 0.00316394 
0.000127944 2.70023e-005 0.996947 0.00289771 
0.000128999 2.75192e-005 0.99725 0.00259302 
0.000130096 2.80804e-005 0.99756 0.00228194 
0.000131149 2.86431e-005 0.997851 0.00198885 
0.000132075 2.91571e-005 0.998102 0.00173662 
0.000132894 2.9645e-005 0.998314 0.00152318 
0.000133437 2.99758e-005 0.998445 0.00139152 
0.000130276 2.8824e-005 0.997518 0.00232296 
0.000130667 2.90265e-005 0.997619 0.00222179 
0.000131461 2.94621e-005 0.997823 0.00201603 
0.000132353 2.99615e-005 0.998048 0.00178927 
0.000133274 3.04945e-005 0.998275 0.00156082 
0.00013417 3.10355e-005 0.998489 0.00134552 
0.000134992 3.1558e-005 0.998677 0.00115695 
0.000135719 3.20519e-005 0.99883 0.00100192 
0.000136495 3.26403e-005 0.998975 0.000855709 
0.000137731 3.3681e-005 0.999191 0.000637826 
0.000133475 3.10963e-005 0.99826 0.00157546 
0.000133865 3.13447e-005 0.998343 0.00149207 
0.000134557 3.1782e-005 0.998494 0.00133986 
0.000135325 3.22761e-005 0.998657 0.00117528 
0.000136117 3.27988e-005 0.99882 0.00101089 
0.000136895 3.33324e-005 0.998974 0.000855808 
0.000137636 3.38682e-005 0.999111 0.000717559 
0.00013835 3.44216e-005 0.99923 0.00059747 
0.000139077 3.50217e-005 0.999343 0.000482552 
0.000139508 3.53902e-005 0.99941 0.000415057 
0.0001362 3.31683e-005 0.998813 0.00101772 
0.000136629 3.34941e-005 0.998882 0.000947678 
0.00013727 3.39612e-005 0.998993 0.000836059 
0.000137964 3.44748e-005 0.999109 0.00071882 
0.000138665 3.50035e-005 0.999222 0.000604256 
0.000139349 3.5535e-005 0.999327 0.000497631 
0.000140006 3.60686e-005 0.999421 0.000403098 
0.000140643 3.66152e-005 0.999501 0.000321516 
0.000141204 3.71148e-005 0.99957 0.000251947 
0.000141575 3.74784e-005 0.999608 0.000213279 
0.000138338 3.4904e-005 0.999185 0.00064126 
0.000138965 3.54443e-005 0.999262 0.000564054 
0.000139623 3.59897e-005 0.999346 0.000478735 
0.000140292 3.65498e-005 0.999427 0.000396057 
0.000140935 3.70986e-005 0.999502 0.000320061 
0.000141549 3.76364e-005 0.999569 0.000252051 
0.000142136 3.81712e-005 0.999626 0.000193494 
0.000142704 3.87114e-005 0.999674 0.000144501 
0.00014316 3.91561e-005 0.999712 0.000105847 
0.000143497 3.95232e-005 0.999733 8.3757e-005 
0.000139859 3.62325e-005 0.999402 0.000422039 
0.000140997 3.72694e-005 0.999519 0.000302486 
0.000141688 3.79008e-005 0.999583 0.000237765 
0.000142341 3.85034e-005 0.999636 0.000183575 
0.000142941 3.90736e-005 0.999679 0.000138694 
0.000143507 3.96288e-005 0.999716 0.000101048 
0.000144051 4.01817e-005 0.999745 7.04867e-005 
0.000144567 4.07208e-005 0.999769 4.60703e-005 
0.000144937 4.11145e-005 0.999786 2.82573e-005 
0.000145195 4.14235e-005 0.999795 1.86965e-005 
0.00014297 3.91601e-005 0.999705 0.000113343 
0.000143446 3.96368e-005 0.999728 8.93653e-005 
0.000144112 4.03104e-005 0.999754 6.16049e-005 
0.000144697 4.09208e-005 0.999773 4.09441e-005 
0.00014525 4.15187e-005 0.999788 2.52427e-005 
0.0001458 4.21338e-005 0.999798 1.40136e-005 
0.000146257 4.26517e-005 0.999805 6.01242e-006 
0.000146534 4.2978e-005 0.999809 1.2454e-006 
0.000146458 4.29011e-005 0.999811 1.15736e-008 
0.000144305 4.05479e-005 0.999787 2.82325e-005 
0.000144836 4.11248e-005 0.999794 1.96386e-005 
0.000145683 4.2036e-005 0.999803 8.88382e-006 
0.000146255 4.26773e-005 0.999807 4.35672e-006 
0.000146802 4.3313e-005 0.999808 1.46995e-006 
0.00014734 4.39545e-005 0.999809 5.65222e-008 
0.000147826 4.45485e-005 0.999808 1.5755e-008 
0.000148361 4.52423e-005 0.999806 1.64223e-008 
0.000147209 4.38314e-005 0.999809 1.32099e-008 
0.000147648 4.43595e-005 0.999808 1.5661e-008 
0.000148197 4.50348e-005 0.999807 2.01208e-008 
0.000148767 4.57471e-005 0.999805 2.9839e-008 
0.000149277 4.63928e-005 0.999804 1.07322e-007 
0.000149673 4.69052e-005 0.999803 2.54338e-007 
7.18779e-005 2.72824e-006 0.971067 0.0288587 
7.35089e-005 2.79869e-006 0.972017 0.0279062 
7.54407e-005 2.90177e-006 0.973138 0.0267837 
7.69226e-005 3.00158e-006 0.974001 0.0259192 
7.24883e-005 3.30788e-006 0.972352 0.0275724 
7.3677e-005 3.27809e-006 0.97279 0.027133 
7.57252e-005 3.40574e-006 0.97384 0.0260804 
7.79781e-005 3.60234e-006 0.975029 0.0248896 
7.98269e-005 3.81314e-006 0.976009 0.0239069 
7.49501e-005 3.97736e-006 0.974363 0.0255584 
7.67111e-005 4.15423e-006 0.975188 0.0247314 
7.9225e-005 4.45224e-006 0.976391 0.0235256 
8.20419e-005 4.85579e-006 0.97775 0.0221629 
8.50405e-005 5.41416e-006 0.979229 0.0206808 
8.8826e-005 6.36042e-006 0.981228 0.0186769 
7.84548e-005 5.00564e-006 0.9769 0.0230169 
8.06126e-005 5.37456e-006 0.977873 0.0220407 
8.35847e-005 5.90943e-006 0.979195 0.0207158 
8.68808e-005 6.56367e-006 0.980657 0.0192499 
9.03776e-005 7.37499e-006 0.982228 0.0176741 
9.42399e-005 8.46124e-006 0.984014 0.0158833 
9.85657e-005 9.93054e-006 0.986036 0.013856 
8.24333e-005 6.25526e-006 0.979419 0.020492 
8.51505e-005 6.92388e-006 0.980587 0.019321 
8.86748e-005 7.80243e-006 0.982054 0.0178491 
9.2436e-005 8.77585e-006 0.983605 0.016294 
9.6268e-005 9.85153e-006 0.985196 0.0146981 
0.00010035 1.11664e-005 0.986916 0.0129729 
0.00010451 1.2676e-005 0.988691 0.0111915 
0.000109617 1.48027e-005 0.990861 0.00901458 
0.000112451 1.60232e-005 0.992034 0.00783801 
8.61144e-005 7.45958e-006 0.981479 0.0184275 
9.01645e-005 8.76998e-006 0.983188 0.0167126 
9.45404e-005 1.0197e-005 0.98492 0.0149757 
9.88937e-005 1.16152e-005 0.986612 0.0132775 
0.00010293 1.29536e-005 0.988189 0.0116953 
0.000107636 1.47281e-005 0.990055 0.00982293 
0.00011099 1.60167e-005 0.991383 0.00848994 
0.000114198 1.73628e-005 0.992652 0.00721684 
0.00011683 1.85634e-005 0.993665 0.00619989 
0.000119433 1.98805e-005 0.994628 0.0052328 
9.56609e-005 1.09069e-005 0.985686 0.0142077 
0.000101462 1.32581e-005 0.987875 0.0120104 
0.00010696 1.54356e-005 0.989927 0.00995103 
0.000110373 1.6695e-005 0.991188 0.00868535 
0.000113296 1.77696e-005 0.992274 0.00759497 
0.000115927 1.88134e-005 0.993246 0.00661925 
0.000118429 1.99029e-005 0.994164 0.00569745 
0.00012073 2.10041e-005 0.99499 0.00486849 
0.000122963 2.21845e-005 0.995763 0.00409194 
0.000125094 2.34133e-005 0.996465 0.00338625 
0.000110111 1.73676e-005 0.991154 0.00871851 
0.00011356 1.88197e-005 0.992379 0.00748873 
0.000116256 1.99094e-005 0.993322 0.00654228 
0.00011855 2.08273e-005 0.994118 0.00574228 
0.000120671 2.17253e-005 0.994849 0.00500889 
0.000122675 2.26424e-005 0.995532 0.00432282 
0.000124528 2.35615e-005 0.996153 0.00369932 
0.000126231 2.44747e-005 0.996708 0.00314142 
0.000127823 2.54116e-005 0.997203 0.0026437 
0.00012917 2.62706e-005 0.997593 0.00225113 
0.000118184 2.16191e-005 0.993925 0.00593508 
0.000119733 2.22633e-005 0.994448 0.00541024 
0.000121504 2.30057e-005 0.995034 0.00482196 
0.00012325 2.3759e-005 0.995601 0.00425239 
0.000124941 2.4531e-005 0.996142 0.00370887 
0.000126552 2.53172e-005 0.996649 0.00319899 
0.00012804 2.60952e-005 0.997109 0.00273709 
0.000129366 2.68354e-005 0.997507 0.00233644 
0.000130429 2.74603e-005 0.997818 0.0020237 
0.000131125 2.78815e-005 0.998014 0.00182702 
0.000124182 2.50741e-005 0.995785 0.00406606 
0.000124992 2.543e-005 0.996039 0.00381035 
0.000126194 2.59809e-005 0.996406 0.0034419 
0.000127518 2.66121e-005 0.996801 0.00304535 
0.000128856 2.72832e-005 0.997191 0.0026526 
0.000130147 2.7968e-005 0.99756 0.00228173 
0.000131339 2.86393e-005 0.997892 0.00194784 
0.000132398 2.92746e-005 0.998176 0.0016619 
0.000133249 2.9816e-005 0.998394 0.00144308 
0.000133809 3.01905e-005 0.998529 0.00130738 
0.000128877 2.80442e-005 0.997085 0.00275791 
0.000129403 2.83118e-005 0.997231 0.00261157 
0.000130281 2.87724e-005 0.997468 0.00237271 
0.000131309 2.93293e-005 0.99774 0.00209911 
0.000132382 2.99348e-005 0.998017 0.0018204 
0.000133436 3.05595e-005 0.998282 0.00155416 
0.000134429 3.11809e-005 0.998522 0.00131289 
0.000135334 3.17851e-005 0.998729 0.00110437 
0.000136147 3.237e-005 0.9989 0.000931197 
0.00013682 3.28969e-005 0.999031 0.000799228 
0.000132707 3.06917e-005 0.998018 0.00181874 
0.000133119 3.09464e-005 0.998111 0.00172504 
0.000133818 3.13789e-005 0.998269 0.00156583 
0.000134652 3.19038e-005 0.998455 0.00137839 
0.000135535 3.24751e-005 0.998648 0.00118441 
0.000136414 3.30663e-005 0.998833 0.000997406 
0.000137258 3.36607e-005 0.999003 0.00082646 
0.000138047 3.42482e-005 0.999151 0.000676742 
0.000138759 3.48096e-005 0.999275 0.000550963 
0.000139278 3.52428e-005 0.99936 0.000465214 
0.000135835 3.30344e-005 0.998678 0.00115289 
0.00013624 3.33419e-005 0.998745 0.0010852 
0.000136865 3.38033e-005 0.998854 0.000975519 
0.000137588 3.43363e-005 0.99898 0.000848018 
0.000138342 3.49011e-005 0.99911 0.000716629 
0.000139091 3.54771e-005 0.999235 0.000590167 
0.000139814 3.60529e-005 0.99935 0.000474594 
0.000140498 3.66194e-005 0.99945 0.000373315 
0.000141122 3.71612e-005 0.999534 0.000287786 
0.000141719 3.7724e-005 0.999603 0.000217216 
0.000142748 3.87871e-005 0.999701 0.000117743 
0.000138275 3.49988e-005 0.999118 0.000708397 
0.000138836 3.54968e-005 0.999183 0.000642892 
0.000139485 3.60546e-005 0.999263 0.000561768 
0.000140161 3.66322e-005 0.999347 0.000475803 
0.000140836 3.7214e-005 0.999431 0.000390656 
0.000141493 3.7792e-005 0.99951 0.00031035 
0.000142124 3.836e-005 0.999581 0.000238053 
0.000142715 3.89061e-005 0.999643 0.00017579 
0.000143235 3.93992e-005 0.999693 0.000124793 
0.000143684 3.98505e-005 0.999731 8.54005e-005 
0.000144125 4.0337e-005 0.999765 5.09068e-005 
0.000139868 3.63673e-005 0.999361 0.000462951 
0.000141029 3.74706e-005 0.99947 0.000351905 
0.000141765 3.81716e-005 0.999533 0.00028661 
0.000142429 3.88094e-005 0.999587 0.0002314 
0.000143057 3.94237e-005 0.999636 0.000181056 
0.000143656 4.00213e-005 0.999681 0.000135487 
0.000144225 4.05998e-005 0.999719 9.58254e-005 
0.000144749 4.11394e-005 0.999751 6.2986e-005 
0.000145187 4.15952e-005 0.999776 3.76859e-005 
0.000145515 4.19517e-005 0.999792 2.02215e-005 
0.000145734 4.22225e-005 0.999803 8.99505e-006 
0.000143284 3.96598e-005 0.999679 0.000137591 
0.000143814 4.02178e-005 0.999703 0.000113276 
0.000144446 4.08895e-005 0.999728 8.69121e-005 
0.000145052 4.15482e-005 0.99975 6.30627e-005 
0.000145625 4.21873e-005 0.99977 4.23208e-005 
0.000146171 4.28056e-005 0.999786 2.53438e-005 
0.000146661 4.33653e-005 0.999797 1.25857e-005 
0.000147058 4.38236e-005 0.999805 4.29154e-006 
0.000147274 4.40849e-005 0.999808 2.60618e-007 
0.000147058 4.38332e-005 0.999809 1.30799e-008 
0.000144733 4.11585e-005 0.999775 3.95828e-005 
0.000145536 4.20733e-005 0.999785 2.74825e-005 
0.000146249 4.28851e-005 0.999792 1.87643e-005 
0.000146869 4.3616e-005 0.999798 1.17637e-005 
0.000147453 4.4323e-005 0.999802 6.01404e-006 
0.000148018 4.50186e-005 0.999805 1.94083e-006 
0.00014854 4.56652e-005 0.999806 5.86337e-008 
0.000149039 4.62988e-005 0.999805 1.59041e-008 
0.000149545 4.69875e-005 0.999803 1.92917e-008 
0.000147198 4.4014e-005 0.999809 1.89165e-008 
0.000147925 4.4871e-005 0.999807 5.71802e-008 
0.00014856 4.56624e-005 0.999806 2.68642e-008 
0.0001492 4.64815e-005 0.999804 2.08741e-008 
0.000149881 4.73627e-005 0.999803 2.32089e-008 
0.000150467 4.81212e-005 0.999801 2.95831e-008 
0.000151007 4.88273e-005 0.9998 1.99422e-007 
0.00015168 4.97476e-005 0.999798 4.43778e-007 
0.000149477 4.68212e-005 0.999804 3.62015e-008 
0.000150128 4.76737e-005 0.999802 4.66846e-008 
0.000150911 4.87088e-005 0.9998 8.28072e-008 
0.000152069 5.02398e-005 0.999797 3.03277e-007 
0.000152798 5.12012e-005 0.999795 6.30739e-007 
0.00015335 5.19259e-005 0.999794 9.9448e-007 
0.000153783 5.24985e-005 0.999792 1.32202e-006 
0.000153883 5.26289e-005 0.999793 9.80582e-007 
0.000154664 5.36603e-005 0.99979 1.55932e-006 
0.000155172 5.43254e-005 0.999788 2.02805e-006 
0.000155538 5.4805e-005 0.999787 2.40898e-006 
0.000156061 5.55106e-005 0.999786 2.54e-006 
0.000156379 5.59238e-005 0.999785 2.92766e-006 
0.000156696 5.6337e-005 0.999784 3.32483e-006 
6.06814e-005 1.41528e-006 0.961405 0.0385333 
6.25657e-005 1.45591e-006 0.962747 0.0371887 
6.51496e-005 1.51704e-006 0.964589 0.0353442 
6.76368e-005 1.5508e-006 0.966346 0.0335846 
6.99009e-005 1.58378e-006 0.967966 0.0319623 
7.15545e-005 1.62562e-006 0.969153 0.0307741 
6.26326e-005 1.77299e-006 0.963978 0.035958 
6.49258e-005 1.88628e-006 0.965536 0.0343975 
6.82759e-005 2.09542e-006 0.967893 0.0320365 
7.08158e-005 2.18362e-006 0.969533 0.0303939 
7.3172e-005 2.27245e-006 0.971022 0.0289026 
7.53147e-005 2.38966e-006 0.972379 0.0275437 
7.76646e-005 2.55578e-006 0.97391 0.0260095 
6.55137e-005 2.3509e-006 0.967375 0.0325572 
6.8665e-005 2.64004e-006 0.9694 0.0305286 
7.14078e-005 2.79804e-006 0.971009 0.0289169 
7.40584e-005 2.94766e-006 0.972492 0.0274312 
7.6672e-005 3.13415e-006 0.973934 0.025986 
7.91796e-005 3.37053e-006 0.975317 0.0246001 
8.17636e-005 3.63668e-006 0.976735 0.02318 
8.46468e-005 4.16731e-006 0.97846 0.0214514 
6.86094e-005 3.04264e-006 0.970638 0.0292908 
7.19697e-005 3.43763e-006 0.972518 0.0274065 
7.49113e-005 3.72133e-006 0.974039 0.0258822 
7.78783e-005 4.01945e-006 0.975512 0.0244059 
8.08964e-005 4.38307e-006 0.976993 0.0229219 
8.39388e-005 4.85109e-006 0.978492 0.0214188 
8.69877e-005 5.43112e-006 0.980017 0.0198904 
8.91365e-005 5.81928e-006 0.981058 0.018847 
7.18226e-005 3.824e-006 0.973558 0.0263664 
7.56399e-005 4.44019e-006 0.975464 0.0244563 
7.89756e-005 4.94076e-006 0.977031 0.0228852 
8.23394e-005 5.46504e-006 0.978548 0.0213637 
8.57672e-005 6.06364e-006 0.980074 0.0198344 
8.92556e-005 6.78925e-006 0.981633 0.018271 
9.28687e-005 7.71058e-006 0.983269 0.01663 
9.67124e-005 8.9011e-006 0.985023 0.0148717 
0.00010209 1.08451e-005 0.987536 0.0123511 
0.000105646 1.22513e-005 0.989172 0.0107097 
7.45298e-005 4.52833e-006 0.97568 0.0242413 
7.98202e-005 5.68208e-006 0.978248 0.0216665 
8.36728e-005 6.50057e-006 0.979952 0.0199574 
8.74629e-005 7.33234e-006 0.98154 0.0183653 
9.12559e-005 8.21481e-006 0.9831 0.0168007 
9.50312e-005 9.18862e-006 0.984656 0.0152393 
9.88711e-005 1.03366e-005 0.986259 0.0136316 
0.00010279 1.16889e-005 0.987918 0.0119674 
0.000107041 1.33511e-005 0.989742 0.0101373 
0.000110623 1.48894e-005 0.99126 0.00861419 
0.000114106 1.65437e-005 0.99269 0.00717966 
8.55395e-005 7.4217e-006 0.98138 0.0185271 
8.91532e-005 8.461e-006 0.982849 0.0170535 
9.32983e-005 9.66853e-006 0.984472 0.0154252 
9.73862e-005 1.08719e-005 0.986049 0.013843 
0.000101253 1.20551e-005 0.987543 0.0123435 
0.00010508 1.33481e-005 0.989038 0.0108432 
0.000108615 1.46581e-005 0.990433 0.00944414 
0.000112051 1.60736e-005 0.991798 0.00807399 
0.000115195 1.75032e-005 0.993032 0.00683522 
0.000118196 1.90086e-005 0.994177 0.00568601 
0.000121049 2.05713e-005 0.995215 0.00464337 
9.01039e-005 8.986e-006 0.983665 0.0162356 
9.5131e-005 1.07965e-005 0.985595 0.0142987 
9.98265e-005 1.25065e-005 0.987332 0.0125562 
0.000104103 1.40245e-005 0.988898 0.0109842 
0.00010769 1.52714e-005 0.990209 0.00966812 
0.00011093 1.64423e-005 0.9914 0.00847298 
0.000113923 1.76176e-005 0.992504 0.00736406 
0.000116759 1.88448e-005 0.993552 0.00631234 
0.000119405 2.01053e-005 0.994519 0.00534173 
0.000121888 2.14011e-005 0.995403 0.00445371 
0.000124165 2.26932e-005 0.996182 0.00367161 
0.00012614 2.39078e-005 0.996818 0.00303187 
0.00010246 1.39057e-005 0.988579 0.011305 
0.000106992 1.58657e-005 0.990122 0.00975487 
0.000110699 1.7356e-005 0.991405 0.00846663 
0.000113746 1.85335e-005 0.992461 0.00740661 
0.000116428 1.9587e-005 0.99339 0.00647382 
0.0001189 2.06234e-005 0.994245 0.00561567 
0.000121217 2.16808e-005 0.995043 0.00481414 
0.00012337 2.27503e-005 0.995775 0.00407859 
0.000125331 2.38059e-005 0.996428 0.00342278 
0.000127023 2.47863e-005 0.996973 0.00287518 
0.00012821 2.55168e-005 0.99734 0.00250645 
0.000107582 1.6261e-005 0.9905 0.00937615 
0.000113944 1.94302e-005 0.992556 0.00731107 
0.000117041 2.08175e-005 0.993574 0.00628803 
0.000119402 2.18125e-005 0.994351 0.00550785 
0.000121517 2.27148e-005 0.995041 0.00481499 
0.000123499 2.36101e-005 0.995681 0.00417165 
0.000125366 2.45177e-005 0.996278 0.00357231 
0.000127095 2.54239e-005 0.996821 0.00302631 
0.000128642 2.62947e-005 0.997296 0.00254956 
0.000129915 2.70589e-005 0.997673 0.00216974 
0.000130734 2.75771e-005 0.997906 0.0019355 
0.000121837 2.3802e-005 0.995047 0.00480724 
0.000123089 2.43666e-005 0.995443 0.00440977 
0.000124604 2.50518e-005 0.995912 0.00393836 
0.00012617 2.5785e-005 0.996387 0.00346063 
0.000127718 2.65504e-005 0.996849 0.00299714 
0.000129206 2.73351e-005 0.997283 0.00256011 
0.000130596 2.81195e-005 0.99768 0.00216172 
0.000131851 2.88777e-005 0.998025 0.00181472 
0.000132914 2.95674e-005 0.998302 0.00153554 
0.000133679 3.01057e-005 0.998487 0.00134908 
0.000127485 2.72726e-005 0.996656 0.00318895 
0.00012815 2.76026e-005 0.996847 0.00299715 
0.000129163 2.8119e-005 0.997131 0.00271181 
0.000130326 2.87343e-005 0.997449 0.00239186 
0.000131533 2.94039e-005 0.997772 0.00206745 
0.000132723 3.01008e-005 0.998081 0.00175595 
0.000133855 3.08043e-005 0.998366 0.00146947 
0.000134904 3.14982e-005 0.998617 0.00121689 
0.000135856 3.21777e-005 0.998829 0.00100291 
0.000136771 3.28999e-005 0.999012 0.000818272 
0.000138159 3.41257e-005 0.999254 0.000573945 
0.000131882 3.02544e-005 0.997761 0.00207693 
0.000132333 3.05246e-005 0.997869 0.00196825 
0.000133081 3.09768e-005 0.998046 0.00178951 
0.000133982 3.15332e-005 0.998257 0.00157723 
0.000134942 3.2146e-005 0.998478 0.0013553 
0.000135906 3.27861e-005 0.998692 0.00113881 
0.000136838 3.34337e-005 0.998892 0.000937875 
0.000137714 3.40726e-005 0.999069 0.000759329 
0.000138512 3.46868e-005 0.999219 0.000607419 
0.000139211 3.52615e-005 0.999341 0.000484066 
0.000139824 3.58117e-005 0.999441 0.000383631 
0.000135392 3.28574e-005 0.998525 0.00130709 
0.000135794 3.31597e-005 0.998595 0.001236 
0.000136428 3.36256e-005 0.998711 0.00111916 
0.000137176 3.41759e-005 0.99885 0.000978956 
0.000137969 3.4768e-005 0.998996 0.000830958 
0.000138765 3.53772e-005 0.99914 0.000685671 
0.00013954 3.59871e-005 0.999274 0.000550409 
0.000140274 3.65822e-005 0.999393 0.000430226 
0.000140946 3.71443e-005 0.999493 0.000328535 
0.000141534 3.76622e-005 0.999573 0.000247309 
0.000142025 3.81267e-005 0.999633 0.000187012 
0.000138127 3.50523e-005 0.999031 0.000795817 
0.000138652 3.55267e-005 0.999092 0.000733615 
0.000139289 3.60845e-005 0.999173 0.000651261 
0.000139968 3.6674e-005 0.999264 0.000559214 
0.000140655 3.7276e-005 0.999358 0.000464297 
0.000141331 3.78771e-005 0.999449 0.000372 
0.000141985 3.84667e-005 0.999533 0.000286746 
0.000142606 3.90305e-005 0.999606 0.000211902 
0.00014317 3.95447e-005 0.999667 0.000149983 
0.000143639 3.99824e-005 0.999713 0.000102881 
0.00014396 4.02975e-005 0.999743 7.2822e-005 
0.000139939 3.66112e-005 0.999314 0.000509665 
0.000141049 3.76924e-005 0.999416 0.000405665 
0.000141774 3.84035e-005 0.999479 0.000340734 
0.000142431 3.90571e-005 0.999536 0.000282246 
0.000143057 3.9691e-005 0.999591 0.000225798 
0.000143653 4.03054e-005 0.999644 0.00017243 
0.000144223 4.08953e-005 0.999691 0.000124243 
0.000144764 4.14485e-005 0.999731 8.31939e-005 
0.000145253 4.19386e-005 0.999762 5.0816e-005 
0.00014564 4.23262e-005 0.999784 2.80798e-005 
0.000145865 4.25589e-005 0.999796 1.56652e-005 
0.000143498 4.01027e-005 0.999645 0.000171487 
0.000144032 4.06813e-005 0.999671 0.000144342 
0.000144647 4.13653e-005 0.999699 0.000115121 
0.000145241 4.20454e-005 0.999726 8.70337e-005 
0.000145796 4.26952e-005 0.99975 6.11995e-005 
0.00014632 4.33114e-005 0.999772 3.88534e-005 
0.000146819 4.38843e-005 0.999788 2.1124e-005 
0.000147279 4.43937e-005 0.999799 8.844e-006 
0.000147635 4.47855e-005 0.999806 1.93263e-006 
0.000147796 4.49686e-005 0.999807 1.79633e-008 
0.00014543 4.21485e-005 0.999764 4.83854e-005 
0.000146009 4.28274e-005 0.999771 4.03613e-005 
0.000146656 4.36057e-005 0.999779 3.06292e-005 
0.000147272 4.43745e-005 0.999787 2.09503e-005 
0.000147829 4.50898e-005 0.999795 1.23448e-005 
0.00014835 4.57635e-005 0.9998 5.62655e-006 
0.000148853 4.63962e-005 0.999803 1.35282e-006 
0.000149351 4.69996e-005 0.999804 2.18034e-008 
0.000149811 4.75665e-005 0.999803 1.8241e-008 
0.00015015 4.80366e-005 0.999802 3.31529e-008 
0.000146888 4.38297e-005 0.999809 1.24028e-007 
0.000147758 4.48693e-005 0.999805 1.89036e-006 
0.000148486 4.57755e-005 0.999804 1.65525e-006 
0.000149215 4.67298e-005 0.999803 6.56921e-007 
0.000149823 4.75477e-005 0.999803 4.4217e-008 
0.000150387 4.83107e-005 0.999801 2.37562e-008 
0.00015092 4.90147e-005 0.9998 2.81015e-008 
0.000151456 4.96964e-005 0.999799 5.15856e-008 
0.000152007 5.04008e-005 0.999797 3.74648e-007 
0.00015247 5.10493e-005 0.999796 6.93757e-007 
0.000149404 4.69156e-005 0.999804 4.47819e-008 
0.000150004 4.76666e-005 0.999802 2.79986e-008 
0.000151187 4.92429e-005 0.9998 2.9957e-008 
0.00015187 5.01719e-005 0.999798 3.89893e-008 
0.000152494 5.10168e-005 0.999796 1.6315e-007 
0.000153058 5.17701e-005 0.999795 5.09935e-007 
0.000153609 5.24826e-005 0.999793 9.4235e-007 
0.000154179 5.32169e-005 0.999791 1.46204e-006 
0.00015479 5.40598e-005 0.999789 2.00676e-006 
0.000153776 5.26929e-005 0.999793 5.23874e-007 
0.00015419 5.32577e-005 0.999792 7.97311e-007 
0.000154531 5.36861e-005 0.999791 1.14428e-006 
0.000155023 5.43269e-005 0.999789 1.64659e-006 
0.000155542 5.49983e-005 0.999787 2.23441e-006 
0.000156115 5.57419e-005 0.999785 2.89673e-006 
0.000156833 5.67256e-005 0.999783 3.67936e-006 
0.000155331 5.47701e-005 0.999789 1.25594e-006 
0.000155996 5.56764e-005 0.999786 1.92626e-006 
0.000156448 5.62738e-005 0.999785 2.52777e-006 
0.00015675 5.66247e-005 0.999784 3.06565e-006 
0.000157199 5.71961e-005 0.999782 3.72416e-006 
0.000157782 5.79531e-005 0.99978 4.5173e-006 
0.000158761 5.92777e-005 0.999776 5.73272e-006 
0.000159842 6.07067e-005 0.999772 7.03277e-006 
0.000157378 5.75536e-005 0.999782 3.18112e-006 
0.000157941 5.83128e-005 0.99978 4.01668e-006 
0.000158347 5.88354e-005 0.999778 4.72644e-006 
0.00015881 5.9426e-005 0.999776 5.51264e-006 
0.000159356 6.01239e-005 0.999774 6.37232e-006 
0.000159991 6.09499e-005 0.999772 7.29042e-006 
0.00016053 6.16516e-005 0.99977 8.03574e-006 
0.000158976 5.97489e-005 0.999776 5.32944e-006 
0.000159278 6.01347e-005 0.999775 5.90805e-006 
0.000159708 6.06829e-005 0.999773 6.69974e-006 
0.000160198 6.13021e-005 0.999771 7.53909e-006 
0.000160694 6.19305e-005 0.999769 8.33204e-006 
0.000161067 6.2407e-005 0.999768 8.91109e-006 
5.03801e-005 3.08154e-007 0.947304 0.0526455 
5.1869e-005 2.99321e-007 0.948547 0.0514006 
5.37706e-005 2.91885e-007 0.950175 0.0497705 
5.5686e-005 2.87884e-007 0.951877 0.0480665 
5.72258e-005 2.85582e-007 0.953315 0.0466273 
5.0078e-005 5.47583e-007 0.949696 0.050253 
5.13537e-005 4.66117e-007 0.950125 0.0498234 
5.34945e-005 4.41563e-007 0.951734 0.0482122 
5.57425e-005 4.20914e-007 0.953519 0.0464244 
5.8022e-005 4.10139e-007 0.955404 0.0445371 
6.0376e-005 4.05156e-007 0.957501 0.0424385 
6.34721e-005 4.21701e-007 0.960639 0.039297 
6.53321e-005 4.46952e-007 0.962415 0.037519 
5.13548e-005 7.47692e-007 0.952797 0.0471511 
5.32328e-005 7.56163e-007 0.954107 0.0458386 
5.6704e-005 8.87884e-007 0.95695 0.0429921 
5.93598e-005 9.1549e-007 0.95893 0.0410094 
6.19687e-005 9.27614e-007 0.960853 0.0390837 
6.45231e-005 9.32967e-007 0.962791 0.0371436 
6.70762e-005 9.50602e-007 0.964847 0.0350847 
6.9279e-005 9.99449e-007 0.966623 0.0333069 
7.14874e-005 1.06424e-006 0.968475 0.0314521 
5.3038e-005 1.07057e-006 0.956637 0.0433092 
5.53024e-005 1.13477e-006 0.958196 0.041748 
5.92641e-005 1.32549e-006 0.961059 0.0388801 
6.23413e-005 1.40056e-006 0.963138 0.0367987 
6.53235e-005 1.45327e-006 0.965119 0.0348138 
6.80799e-005 1.48803e-006 0.966932 0.032998 
7.07187e-005 1.54749e-006 0.968697 0.0312311 
7.32209e-005 1.66392e-006 0.970393 0.0295317 
7.57317e-005 1.85068e-006 0.972148 0.0277741 
7.82727e-005 2.08982e-006 0.973982 0.0259373 
5.48078e-005 1.43819e-006 0.960297 0.0396467 
5.7546e-005 1.58037e-006 0.962109 0.0378317 
6.19976e-005 1.86074e-006 0.964955 0.0349814 
6.55308e-005 2.02565e-006 0.9671 0.0328328 
6.86954e-005 2.13153e-006 0.968939 0.0309901 
7.16804e-005 2.23375e-006 0.970635 0.0292908 
7.45707e-005 2.37823e-006 0.972278 0.0276447 
7.73803e-005 2.60172e-006 0.973893 0.0260266 
8.01529e-005 2.92363e-006 0.975519 0.0243976 
8.28391e-005 3.35161e-006 0.977145 0.0227686 
8.52361e-005 3.78278e-006 0.978598 0.0213127 
5.62946e-005 1.74546e-006 0.963004 0.0369381 
6.00891e-005 2.08043e-006 0.965716 0.0342215 
6.49747e-005 2.50045e-006 0.968576 0.0313568 
6.88794e-005 2.7997e-006 0.970701 0.0292274 
7.23544e-005 3.03488e-006 0.972488 0.0274368 
7.56618e-005 3.27073e-006 0.974136 0.0257847 
7.88965e-005 3.56224e-006 0.975737 0.0241809 
8.20829e-005 3.96217e-006 0.977324 0.0225903 
8.51967e-005 4.49819e-006 0.978894 0.0210158 
8.79977e-005 5.10243e-006 0.980316 0.0195908 
9.01051e-005 5.58981e-006 0.981366 0.0185382 
6.38211e-005 2.71885e-006 0.969611 0.0303221 
6.83462e-005 3.25661e-006 0.971936 0.0279926 
7.26264e-005 3.77569e-006 0.974035 0.0258884 
7.64994e-005 4.2272e-006 0.975834 0.0240848 
8.01823e-005 4.67361e-006 0.977484 0.0224314 
8.37819e-005 5.17705e-006 0.979075 0.0208358 
8.73499e-005 5.80856e-006 0.980659 0.0192477 
9.0938e-005 6.64003e-006 0.982271 0.0176314 
9.46141e-005 7.72617e-006 0.983943 0.0159547 
9.87216e-005 9.18612e-006 0.985847 0.014045 
0.000103964 1.13116e-005 0.988374 0.0115107 
6.63857e-005 3.20654e-006 0.972002 0.0279285 
7.17742e-005 4.07346e-006 0.974726 0.0251983 
7.69322e-005 4.99953e-006 0.97712 0.0227976 
8.12874e-005 5.76852e-006 0.979006 0.0209067 
8.53409e-005 6.50358e-006 0.98068 0.0192283 
8.92482e-005 7.26979e-006 0.982264 0.0176398 
9.30701e-005 8.13817e-006 0.983816 0.0160829 
9.68838e-005 9.19258e-006 0.985385 0.014509 
0.000100758 1.04882e-005 0.987008 0.012881 
0.000104823 1.20692e-005 0.988746 0.0111369 
0.000109032 1.3902e-005 0.990573 0.00930422 
0.00011321 1.59377e-005 0.992326 0.00754532 
7.57743e-005 5.01214e-006 0.97737 0.0225488 
8.23112e-005 6.60541e-006 0.980209 0.0197019 
8.69147e-005 7.72793e-006 0.982078 0.0178276 
9.12139e-005 8.80149e-006 0.983738 0.0161618 
9.52966e-005 9.84948e-006 0.985286 0.0146092 
9.91722e-005 1.09195e-005 0.986755 0.0131346 
0.000102932 1.2101e-005 0.988198 0.0116873 
0.000106598 1.34303e-005 0.989627 0.0102531 
0.000110229 1.49289e-005 0.991065 0.00880967 
0.000113778 1.65608e-005 0.992477 0.00739275 
0.000117208 1.8304e-005 0.99381 0.00605455 
0.00012047 2.01301e-005 0.995016 0.00484374 
8.94285e-005 8.84448e-006 0.983589 0.0163122 
9.33749e-005 1.014e-005 0.985066 0.01483 
9.7753e-005 1.15704e-005 0.986656 0.0132344 
0.00010182 1.28686e-005 0.988116 0.0117689 
0.000105488 1.40532e-005 0.989433 0.0104474 
0.000108897 1.52379e-005 0.990666 0.00920976 
0.000112133 1.64928e-005 0.991849 0.00802189 
0.000115237 1.78397e-005 0.992996 0.00687127 
0.000118189 1.92561e-005 0.994085 0.005778 
0.000120955 2.07107e-005 0.995086 0.00477208 
0.000123473 2.21546e-005 0.995963 0.00389184 
0.00012571 2.35624e-005 0.99669 0.00316064 
9.42607e-005 1.05768e-005 0.985719 0.0141761 
9.99001e-005 1.28192e-005 0.987735 0.0121521 
0.000104674 1.47473e-005 0.989375 0.0105056 
0.000108494 1.61954e-005 0.990682 0.0091934 
0.000111729 1.73869e-005 0.991788 0.00808248 
0.000114643 1.85006e-005 0.992788 0.00707895 
0.000117363 1.96297e-005 0.993725 0.00613793 
0.000119929 2.08012e-005 0.994611 0.00524812 
0.000122325 2.19993e-005 0.995434 0.0044215 
0.000124505 2.31825e-005 0.99617 0.00368246 
0.00012636 2.42659e-005 0.996777 0.00307231 
0.000127638 2.50611e-005 0.997179 0.00266792 
0.000106085 1.55484e-005 0.990028 0.0098507 
0.000111772 1.83023e-005 0.991871 0.00799942 
0.000115101 1.97491e-005 0.992959 0.00690576 
0.00011771 2.08199e-005 0.993812 0.00604916 
0.000120047 2.17982e-005 0.994573 0.00528503 
0.000122237 2.27777e-005 0.995283 0.00457202 
0.000124303 2.378e-005 0.995948 0.00390392 
0.000126224 2.47915e-005 0.996558 0.0032905 
0.000127954 2.57753e-005 0.997095 0.00275083 
0.000129404 2.6662e-005 0.997529 0.00231536 
0.000130384 2.73065e-005 0.997805 0.00203688 
0.000120192 2.28923e-005 0.994541 0.00531608 
0.000121602 2.35157e-005 0.994986 0.00486842 
0.00012329 2.4263e-005 0.995511 0.00434142 
0.000125017 2.50567e-005 0.996039 0.00381075 
0.000126715 2.58868e-005 0.996551 0.00329622 
0.000128349 2.67451e-005 0.997036 0.00280903 
0.000129889 2.76154e-005 0.997482 0.00236076 
0.000131302 2.84769e-005 0.997876 0.00196397 
0.000132575 2.93219e-005 0.99821 0.00162821 
0.000133804 3.02382e-005 0.998498 0.00133814 
0.000135749 3.18657e-005 0.998895 0.000936968 
0.000126358 2.66343e-005 0.996316 0.00353108 
0.000127096 2.69929e-005 0.996531 0.00331449 
0.000128203 2.75443e-005 0.996847 0.00299714 
0.000129461 2.81981e-005 0.997199 0.00264351 
0.000130763 2.89119e-005 0.997555 0.00228489 
0.000132051 2.96615e-005 0.9979 0.00193861 
0.000133288 3.04281e-005 0.99822 0.0016167 
0.000134451 3.1196e-005 0.998506 0.00132837 
0.000135526 3.19579e-005 0.998753 0.00107911 
0.000136534 3.2736e-005 0.998966 0.000864312 
0.000137511 3.35518e-005 0.999156 0.000672913 
0.000131149 2.9857e-005 0.997539 0.00230033 
0.000131628 3.0137e-005 0.997658 0.00218035 
0.000132415 3.06047e-005 0.997852 0.00198484 
0.000133362 3.11823e-005 0.998083 0.00175269 
0.000134374 3.18225e-005 0.998325 0.0015089 
0.000135394 3.24973e-005 0.998563 0.00126905 
0.000136391 3.3187e-005 0.998787 0.0010437 
0.000137342 3.38735e-005 0.998988 0.000840571 
0.000138218 3.4534e-005 0.999161 0.000665781 
0.000138978 3.51369e-005 0.999302 0.000523683 
0.000139528 3.55976e-005 0.999399 0.000425472 
0.000134968 3.26811e-005 0.998384 0.00144869 
0.000135363 3.29743e-005 0.998458 0.00137387 
0.000136001 3.34415e-005 0.998581 0.00124913 
0.00013676 3.40008e-005 0.998732 0.00109772 
0.000137569 3.46075e-005 0.998892 0.000936052 
0.000138386 3.52366e-005 0.999051 0.000775266 
0.000139192 3.58711e-005 0.999202 0.0006234 
0.00013997 3.64937e-005 0.999337 0.000486655 
0.000140691 3.70766e-005 0.999452 0.000370528 
0.000141293 3.75757e-005 0.999541 0.000280135 
0.000141684 3.79113e-005 0.999596 0.000224374 
0.000138007 3.51327e-005 0.998952 0.000874626 
0.000138451 3.55359e-005 0.999007 0.000818645 
0.000139059 3.60779e-005 0.99909 0.000734683 
0.000139723 3.66685e-005 0.999187 0.000636736 
0.000140397 3.72754e-005 0.999289 0.000533327 
0.000141062 3.7883e-005 0.99939 0.000430786 
0.000141714 3.84814e-005 0.999485 0.000334337 
0.000142357 3.90597e-005 0.99957 0.000248361 
0.000142967 3.95929e-005 0.999641 0.0001768 
0.00014347 4.00285e-005 0.999693 0.000123358 
0.000143771 4.02941e-005 0.999723 9.28336e-005 
0.00014034 3.71785e-005 0.999309 0.000513538 
0.000141032 3.78752e-005 0.999368 0.000453342 
0.000141705 3.85628e-005 0.999428 0.000392066 
0.000142337 3.92212e-005 0.999488 0.000330366 
0.000142928 3.98547e-005 0.999549 0.000268397 
0.000143482 4.04622e-005 0.999608 0.000208198 
0.000144016 4.10442e-005 0.999662 0.00015254 
0.000144558 4.16013e-005 0.99971 0.000104101 
0.000145103 4.21171e-005 0.999748 6.52367e-005 
0.000145558 4.25305e-005 0.999774 3.78563e-005 
0.00014582 4.27686e-005 0.999788 2.33977e-005 
0.00014201 3.87933e-005 0.999502 0.000317253 
0.000143321 4.01412e-005 0.999595 0.000222019 
0.000144075 4.09753e-005 0.999637 0.000177683 
0.000144701 4.17105e-005 0.999671 0.000142946 
0.000145249 4.23896e-005 0.999702 0.000110517 
0.000145732 4.30173e-005 0.999731 8.00572e-005 
0.000146185 4.3604e-005 0.999757 5.29132e-005 
0.00014666 4.41653e-005 0.999779 3.05581e-005 
0.000147181 4.47005e-005 0.999794 1.42039e-005 
0.000147636 4.51407e-005 0.999803 4.38442e-006 
0.0001479 4.5395e-005 0.999807 1.42469e-007 
0.000145648 4.26133e-005 0.999744 6.75013e-005 
0.000146264 4.33692e-005 0.999754 5.59576e-005 
0.000146898 4.41823e-005 0.999766 4.33829e-005 
0.000147444 4.49294e-005 0.999777 3.09245e-005 
0.000147902 4.55977e-005 0.999787 1.95009e-005 
0.000148317 4.6211e-005 0.999795 1.01888e-005 
0.000148762 4.68018e-005 0.999801 3.61415e-006 
0.00014929 4.73933e-005 0.999803 2.31019e-007 
0.000149804 4.79319e-005 0.999802 1.7898e-008 
0.000150146 4.83013e-005 0.999802 2.03132e-008 
0.000147098 4.42452e-005 0.999802 7.10996e-006 
0.000148188 4.56184e-005 0.9998 6.5612e-006 
0.000148981 4.66674e-005 0.999799 4.96444e-006 
0.000149587 4.75245e-005 0.9998 2.66943e-006 
0.000150059 4.82443e-005 0.999801 7.48427e-007 
0.000150477 4.88941e-005 0.999801 3.54735e-008 
0.000150922 4.95231e-005 0.9998 3.0081e-008 
0.000151465 5.01774e-005 0.999798 3.65518e-008 
0.000152064 5.08468e-005 0.999797 2.38261e-007 
0.000152553 5.14136e-005 0.999795 6.49736e-007 
0.000150075 4.79589e-005 0.999802 2.7287e-008 
0.000151089 4.93192e-005 0.9998 3.18059e-008 
0.000151752 5.02505e-005 0.999798 3.28403e-008 
0.000152235 5.09774e-005 0.999797 3.74556e-008 
0.000152666 5.16348e-005 0.999796 4.56498e-008 
0.000153125 5.22851e-005 0.999794 3.25158e-007 
0.000153687 5.29888e-005 0.999792 8.48449e-007 
