9.58185e-006 0.999981 2.48239e-009 9.16348e-006 
9.50405e-006 0.999981 2.25731e-009 9.08667e-006 
9.75814e-006 0.999981 3.66642e-009 9.32613e-006 
9.65657e-006 0.999981 2.92254e-009 9.22818e-006 
9.52851e-006 0.999981 3.33832e-009 9.10146e-006 
9.40182e-006 0.999982 9.53459e-009 8.97347e-006 
9.7976e-006 0.999981 2.6483e-008 9.35769e-006 
9.70973e-006 0.999981 1.77758e-008 9.2713e-006 
9.57251e-006 0.999981 5.03597e-008 9.1355e-006 
9.43972e-006 0.999981 1.91023e-007 9.00351e-006 
9.83045e-006 0.999981 2.55241e-007 9.38257e-006 
9.74472e-006 0.999981 2.64399e-007 9.29798e-006 
9.60669e-006 0.999981 3.08919e-007 9.1615e-006 
9.47404e-006 0.999981 4.54442e-007 9.0302e-006 
9.8442e-006 0.99998 4.96906e-007 9.39171e-006 
9.75913e-006 0.99998 5.07164e-007 9.30765e-006 
9.62237e-006 0.999981 5.58078e-007 9.1725e-006 
9.49169e-006 0.999981 6.75389e-007 9.04336e-006 
9.08587e-006 0.999937 4.55983e-005 8.7116e-006 
8.93234e-006 0.999952 3.01129e-005 8.55965e-006 
8.7316e-006 0.999979 3.8926e-006 8.36072e-006 
9.3969e-006 0.999977 5.03275e-006 8.998e-006 
9.29686e-006 0.999965 1.70363e-005 8.90076e-006 
9.11741e-006 0.999971 1.14807e-005 8.72391e-006 
8.83298e-006 0.999983 1.77118e-009 8.44563e-006 
9.52241e-006 0.999981 2.97294e-009 9.10641e-006 
9.4118e-006 0.99998 1.30105e-006 8.99764e-006 
9.22078e-006 0.999982 1.31712e-008 8.8084e-006 
8.95589e-006 0.999982 1.60201e-009 8.54531e-006 
8.59662e-006 0.999983 2.17464e-009 8.18696e-006 
9.59127e-006 0.999981 1.9418e-009 9.16056e-006 
9.48056e-006 0.999981 2.29141e-009 9.051e-006 
9.28752e-006 0.999982 2.13089e-009 8.85961e-006 
9.02619e-006 0.999982 3.19102e-009 8.60048e-006 
8.65731e-006 0.999983 1.75164e-008 8.23594e-006 
9.64061e-006 0.999981 2.11712e-007 9.19575e-006 
9.63175e-006 0.999981 1.19276e-008 9.18891e-006 
9.51798e-006 0.999981 9.5394e-009 9.07652e-006 
9.32652e-006 0.999982 2.16984e-008 8.88693e-006 
9.07076e-006 0.999982 2.17379e-007 8.63385e-006 
8.70751e-006 0.999983 2.45736e-007 8.27527e-006 
9.64824e-006 0.999981 3.73731e-007 9.19927e-006 
9.6381e-006 0.999981 2.63963e-007 9.18882e-006 
9.52416e-006 0.999981 2.50924e-007 9.07588e-006 
9.33709e-006 0.999981 2.89041e-007 8.89077e-006 
9.08968e-006 0.999982 4.57642e-007 8.6463e-006 
8.73293e-006 0.999982 4.91266e-007 8.2944e-006 
8.7731e-006 0.999669 0.000314231 8.43816e-006 
8.54683e-006 0.999704 0.000279647 8.2139e-006 
8.19173e-006 0.99979 0.000194159 7.85849e-006 
7.6048e-006 0.999866 0.000119282 7.27741e-006 
7.18547e-006 0.999949 3.66158e-005 6.85452e-006 
6.93541e-006 0.999986 1.58921e-009 6.6002e-006 
9.10482e-006 0.999857 0.000124904 8.7386e-006 
9.0985e-006 0.999829 0.000152949 8.73068e-006 
8.9189e-006 0.9998 0.000182557 8.55807e-006 
8.65809e-006 0.999828 0.000155333 8.29952e-006 
8.28266e-006 0.999886 9.7447e-005 7.92546e-006 
7.70033e-006 0.999939 4.6022e-005 7.34943e-006 
7.24173e-006 0.999981 4.71651e-006 6.89123e-006 
6.95921e-006 0.999986 7.40217e-010 6.60822e-006 
9.15485e-006 0.999939 4.28099e-005 8.76966e-006 
9.1723e-006 0.99992 6.25054e-005 8.78263e-006 
9.01753e-006 0.999912 6.9925e-005 8.62934e-006 
8.75692e-006 0.999929 5.34533e-005 8.3699e-006 
8.40324e-006 0.999957 2.63736e-005 8.01715e-006 
7.94041e-006 0.999979 5.2898e-006 7.55709e-006 
7.35237e-006 0.999986 9.22498e-010 6.97745e-006 
6.98846e-006 0.999986 1.77457e-009 6.6213e-006 
9.22759e-006 0.999982 1.97956e-009 8.8194e-006 
9.23715e-006 0.999973 9.21341e-006 8.82456e-006 
9.08375e-006 0.999971 1.14865e-005 8.67135e-006 
8.82669e-006 0.999977 5.87262e-006 8.41539e-006 
8.48664e-006 0.999983 4.95561e-009 8.07706e-006 
8.05805e-006 0.999984 1.25903e-009 7.65202e-006 
7.53383e-006 0.999985 4.19174e-009 7.13506e-006 
9.35145e-006 0.999982 1.23004e-009 8.9205e-006 
9.28162e-006 0.999982 2.0539e-009 8.84995e-006 
9.11522e-006 0.999982 2.35173e-009 8.68413e-006 
8.86337e-006 0.999983 1.95899e-009 8.43385e-006 
8.53712e-006 0.999983 3.05163e-009 8.11029e-006 
8.1236e-006 0.999984 2.44202e-008 7.70153e-006 
7.61845e-006 0.999985 1.62617e-007 7.20324e-006 
9.37453e-006 0.999982 1.66275e-007 8.93297e-006 
9.25036e-006 0.999982 1.18608e-008 8.80684e-006 
9.08208e-006 0.999982 1.12845e-008 8.63898e-006 
8.84519e-006 0.999983 3.18049e-008 8.40394e-006 
8.55017e-006 0.999983 2.19531e-007 8.11225e-006 
8.15349e-006 0.999984 2.94887e-007 7.72246e-006 
7.65798e-006 0.999985 3.98788e-007 7.23398e-006 
9.04039e-006 0.999982 1.96801e-007 8.59096e-006 
8.90173e-006 0.999982 2.078e-007 8.45308e-006 
8.69267e-006 0.999983 2.67325e-007 8.24574e-006 
8.50112e-006 0.999983 3.91279e-007 8.05613e-006 
7.59492e-006 0.998326 0.00165943 7.4309e-006 
7.32728e-006 0.998694 0.00129144 7.13813e-006 
6.98021e-006 0.99911 0.000876104 6.76214e-006 
6.6648e-006 0.999467 0.000519664 6.42026e-006 
6.4472e-006 0.999703 0.000284423 6.18417e-006 
8.40501e-006 0.998777 0.00120683 8.1695e-006 
8.31087e-006 0.998925 0.00105885 8.06261e-006 
7.96096e-006 0.99897 0.00101417 7.71941e-006 
7.59224e-006 0.99921 0.000775308 7.33821e-006 
7.16926e-006 0.999478 0.000507708 6.89947e-006 
6.80216e-006 0.999709 0.000277572 6.51576e-006 
6.50983e-006 0.99987 0.000117032 6.20988e-006 
6.19691e-006 0.999978 9.86517e-006 5.88848e-006 
8.81215e-006 0.999524 0.000458681 8.48897e-006 
8.65011e-006 0.999341 0.000641819 8.34779e-006 
8.43008e-006 0.999344 0.000639059 8.13193e-006 
8.10077e-006 0.999429 0.000554698 7.80191e-006 
7.70343e-006 0.999587 0.000397631 7.39753e-006 
7.25411e-006 0.999751 0.000234903 6.93992e-006 
6.85037e-006 0.999878 0.000108291 6.52745e-006 
6.51803e-006 0.999954 3.36082e-005 6.18853e-006 
6.1781e-006 0.999988 7.52167e-010 5.84808e-006 
8.83867e-006 0.999912 7.07575e-005 8.47547e-006 
8.86111e-006 0.999778 0.000204886 8.50518e-006 
8.74787e-006 0.999694 0.000289318 8.39866e-006 
8.51498e-006 0.999693 0.000290595 8.16833e-006 
8.18298e-006 0.999751 0.000232898 7.83535e-006 
7.78242e-006 0.999839 0.000145677 7.43125e-006 
7.33859e-006 0.999919 6.64428e-005 6.98384e-006 
6.89007e-006 0.999968 1.88483e-005 6.53354e-006 
6.49863e-006 0.999987 3.14409e-009 6.14218e-006 
6.14305e-006 0.999988 8.55083e-010 5.78861e-006 
8.84682e-006 0.999983 2.47604e-009 8.47029e-006 
8.90669e-006 0.999931 5.20174e-005 8.52084e-006 
8.80484e-006 0.999895 8.73131e-005 8.4184e-006 
8.5726e-006 0.999897 8.63427e-005 8.1866e-006 
8.24321e-006 0.999925 5.88927e-005 7.85689e-006 
7.84684e-006 0.999959 2.53066e-005 7.45979e-006 
7.40466e-006 0.999983 2.96022e-006 7.01789e-006 
6.92923e-006 0.999987 1.00372e-009 6.54498e-006 
6.38828e-006 0.999988 1.93702e-009 6.00992e-006 
6.09324e-006 0.999988 9.59049e-008 5.71829e-006 
8.96241e-006 0.999982 6.97468e-009 8.54886e-006 
8.83705e-006 0.999975 8.22794e-006 8.42215e-006 
8.60514e-006 0.999975 7.81415e-006 8.19011e-006 
8.28558e-006 0.999982 1.7763e-006 7.87114e-006 
7.90043e-006 0.999985 1.59041e-009 7.48754e-006 
7.4585e-006 0.999985 1.77268e-009 7.04905e-006 
6.97396e-006 0.999986 1.11088e-008 6.56978e-006 
6.394e-006 0.999987 1.80399e-007 5.99846e-006 
6.07704e-006 0.999988 2.87748e-007 5.68883e-006 
8.97451e-006 0.999982 1.54269e-009 8.54516e-006 
8.81832e-006 0.999983 1.72062e-009 8.38492e-006 
8.59784e-006 0.999983 1.99711e-009 8.16392e-006 
8.30031e-006 0.999984 2.51516e-009 7.86769e-006 
7.94351e-006 0.999985 7.50233e-009 7.51398e-006 
7.49025e-006 0.999985 8.8644e-008 7.06785e-006 
7.01327e-006 0.999986 2.71257e-007 6.59769e-006 
6.49019e-006 0.999987 4.09785e-007 6.08296e-006 
8.71277e-006 0.999983 2.95575e-008 8.26878e-006 
8.54315e-006 0.999983 3.20601e-008 8.09961e-006 
8.28527e-006 0.999984 1.22118e-007 7.8433e-006 
8.03309e-006 0.999984 2.15322e-007 7.59332e-006 
7.55475e-006 0.995841 0.00414419 7.60194e-006 
7.35782e-006 0.996738 0.00324739 7.33563e-006 
7.01497e-006 0.997569 0.00241689 6.93235e-006 
6.64447e-006 0.998263 0.00172369 6.51174e-006 
6.32026e-006 0.998845 0.00114293 6.14377e-006 
6.05847e-006 0.999304 0.0006845 5.84649e-006 
5.79454e-006 0.999523 0.000465808 5.56975e-006 
8.06331e-006 0.997588 0.0023963 7.94104e-006 
7.79843e-006 0.997413 0.00257101 7.69936e-006 
7.45484e-006 0.997761 0.00222374 7.33631e-006 
7.05437e-006 0.99828 0.00170589 6.90191e-006 
6.65255e-006 0.998786 0.00120097 6.46498e-006 
6.31224e-006 0.99922 0.000768095 6.09165e-006 
6.0411e-006 0.999561 0.00042745 5.79228e-006 
5.79116e-006 0.999788 0.000200361 5.52315e-006 
5.52769e-006 0.999951 3.78914e-005 5.24534e-006 
8.40866e-006 0.998754 0.00122899 8.16782e-006 
8.19601e-006 0.998496 0.00148733 7.98431e-006 
7.88915e-006 0.998495 0.00148959 7.6854e-006 
7.49449e-006 0.998714 0.00127153 7.28122e-006 
7.05564e-006 0.99904 0.000946594 6.82317e-006 
6.62907e-006 0.999363 0.000624212 6.37492e-006 
6.27283e-006 0.999625 0.000363018 5.99799e-006 
5.9926e-006 0.999812 0.000176189 5.70042e-006 
5.74289e-006 0.999929 5.96416e-005 5.43937e-006 
5.47577e-006 0.999989 9.97369e-010 5.16924e-006 
8.57822e-006 0.999646 0.000336977 8.24748e-006 
8.47654e-006 0.999356 0.000626933 8.1728e-006 
8.26346e-006 0.99923 0.000753468 7.97387e-006 
7.93542e-006 0.999258 0.000726347 7.64891e-006 
7.51822e-006 0.999401 0.00058413 7.22615e-006 
7.06099e-006 0.999595 0.000391599 6.75828e-006 
6.62081e-006 0.999771 0.000216007 6.30635e-006 
6.24523e-006 0.999892 9.59112e-005 5.92054e-006 
5.94459e-006 0.999958 3.01546e-005 5.61234e-006 
5.69087e-006 0.999988 1.07227e-006 5.35457e-006 
5.42266e-006 0.999989 5.79339e-010 5.0881e-006 
8.5633e-006 0.999836 0.000147045 8.20802e-006 
8.50157e-006 0.999739 0.000244281 8.14962e-006 
8.29989e-006 0.999691 0.000292573 7.95107e-006 
7.9726e-006 0.999717 0.000267482 7.62382e-006 
7.55516e-006 0.999796 0.000189502 7.2032e-006 
7.09672e-006 0.999888 9.80953e-005 6.73986e-006 
6.64958e-006 0.999956 3.06204e-005 6.28819e-006 
6.25313e-006 0.999987 4.57577e-007 5.88914e-006 
5.91123e-006 0.999989 8.39121e-010 5.54706e-006 
5.65284e-006 0.999989 1.33956e-009 5.28996e-006 
5.38655e-006 0.99999 1.30785e-008 5.02788e-006 
8.47218e-006 0.999975 8.88633e-006 8.09722e-006 
8.49957e-006 0.999936 4.76619e-005 8.112e-006 
8.31586e-006 0.999918 6.58282e-005 7.92472e-006 
8.00416e-006 0.999929 5.52704e-005 7.61144e-006 
7.60274e-006 0.999957 2.81575e-005 7.20871e-006 
7.15406e-006 0.999981 4.87128e-006 6.75923e-006 
6.70113e-006 0.999987 1.15571e-009 6.30697e-006 
6.29073e-006 0.999988 1.45536e-009 5.89912e-006 
5.92096e-006 0.999989 9.46318e-009 5.53426e-006 
5.62955e-006 0.999989 1.70132e-007 5.24838e-006 
5.3682e-006 0.999989 2.43711e-007 4.99238e-006 
8.49678e-006 0.999983 9.01762e-010 8.085e-006 
8.3006e-006 0.999984 2.1758e-008 7.8817e-006 
8.0151e-006 0.999984 3.75046e-009 7.59415e-006 
7.63954e-006 0.999985 1.43064e-009 7.21876e-006 
7.20133e-006 0.999986 1.805e-009 6.78261e-006 
6.71833e-006 0.999987 7.04244e-009 6.30398e-006 
6.30832e-006 0.999988 1.87903e-007 5.89952e-006 
5.93793e-006 0.999988 3.15623e-007 5.53831e-006 
5.53809e-006 0.999989 4.40638e-007 5.14789e-006 
5.35097e-006 0.999989 5.20853e-007 4.96578e-006 
8.21599e-006 0.999984 2.27884e-009 7.78079e-006 
7.99545e-006 0.999984 3.04812e-009 7.55994e-006 
7.64991e-006 0.999985 8.35614e-009 7.21573e-006 
7.20972e-006 0.999986 6.05621e-008 6.77906e-006 
6.55326e-006 0.999987 2.53457e-007 6.12954e-006 
6.19625e-006 0.999988 4.22651e-007 5.77728e-006 
7.40383e-006 0.989504 0.0104802 7.97908e-006 
7.2134e-006 0.989987 0.00999754 7.75587e-006 
7.60545e-006 0.992169 0.00781522 7.95182e-006 
7.39989e-006 0.992643 0.00734202 7.71523e-006 
7.06955e-006 0.993499 0.00648626 7.32528e-006 
6.60886e-006 0.995196 0.00479058 6.73834e-006 
6.18585e-006 0.996357 0.00363093 6.23049e-006 
5.85562e-006 0.997359 0.0026296 5.82378e-006 
5.61937e-006 0.998317 0.00167223 5.51098e-006 
5.46612e-006 0.998915 0.00107375 5.30954e-006 
7.82862e-006 0.995353 0.00463167 7.90008e-006 
7.70113e-006 0.995071 0.00491373 7.80068e-006 
7.38726e-006 0.995254 0.00473163 7.48224e-006 
6.95771e-006 0.995831 0.004155 7.01827e-006 
6.47586e-006 0.996701 0.00328631 6.47799e-006 
6.04241e-006 0.997522 0.00246582 5.9864e-006 
5.7233e-006 0.998249 0.0017392 5.6111e-006 
5.51345e-006 0.998888 0.00110152 5.34788e-006 
5.36782e-006 0.999358 0.000630974 5.1605e-006 
5.2391e-006 0.999698 0.000291547 4.99805e-006 
7.96475e-006 0.997152 0.00283192 7.87539e-006 
7.73602e-006 0.997054 0.00293032 7.66166e-006 
7.34257e-006 0.997211 0.00277393 7.26627e-006 
6.84324e-006 0.997618 0.00236793 6.74648e-006 
6.31764e-006 0.99817 0.00181789 6.18755e-006 
5.86451e-006 0.998706 0.00128261 5.69769e-006 
5.5549e-006 0.999144 0.000845129 5.35272e-006 
5.37268e-006 0.999485 0.000504696 5.13848e-006 
5.25413e-006 0.999731 0.000259066 4.9943e-006 
5.13339e-006 0.999894 9.61349e-005 4.85558e-006 
4.95509e-006 0.999989 1.55516e-006 4.66674e-006 
8.22708e-006 0.999073 0.000910792 7.95698e-006 
8.05091e-006 0.99857 0.00141439 7.82915e-006 
7.75063e-006 0.998456 0.00152831 7.54499e-006 
7.31e-006 0.998577 0.0014081 7.10365e-006 
6.77258e-006 0.998861 0.00112607 6.55356e-006 
6.21898e-006 0.999213 0.000774683 5.98012e-006 
5.75025e-006 0.999528 0.000460968 5.48997e-006 
5.44057e-006 0.999739 0.000250618 5.16126e-006 
5.26814e-006 0.999867 0.000123197 4.97302e-006 
5.16545e-006 0.999943 4.7313e-005 4.85842e-006 
5.06101e-006 0.999982 8.10994e-006 4.74723e-006 
4.91102e-006 0.99999 4.44214e-010 4.59744e-006 
8.20843e-006 0.999476 0.000507956 7.89519e-006 
8.06128e-006 0.999345 0.000638936 7.75892e-006 
7.75792e-006 0.999317 0.000667617 7.46021e-006 
7.31464e-006 0.999407 0.000578261 7.01462e-006 
6.77906e-006 0.999579 0.000408019 6.47119e-006 
6.22898e-006 0.999767 0.00022075 5.91034e-006 
5.75848e-006 0.999907 8.14615e-005 5.42943e-006 
5.43481e-006 0.999973 1.59747e-005 5.09809e-006 
5.2424e-006 0.99999 1.26003e-009 4.90086e-006 
5.12888e-006 0.99999 7.39511e-010 4.78491e-006 
5.02337e-006 0.99999 9.42796e-010 4.67978e-006 
4.87606e-006 0.999991 3.10781e-009 4.53753e-006 
8.14762e-006 0.999818 0.000165849 7.79357e-006 
8.04138e-006 0.999779 0.000204823 7.68418e-006 
7.76227e-006 0.999776 0.000208633 7.40173e-006 
7.34778e-006 0.999823 0.000162256 6.98367e-006 
6.84376e-006 0.999898 8.82564e-005 6.47533e-006 
6.31838e-006 0.999962 2.53473e-005 5.94576e-006 
5.85399e-006 0.999989 1.45634e-009 5.47867e-006 
5.51336e-006 0.999989 8.46883e-010 5.13781e-006 
5.28698e-006 0.99999 1.66986e-009 4.91363e-006 
5.13835e-006 0.99999 6.0093e-009 4.76897e-006 
5.0228e-006 0.99999 4.03483e-008 4.65812e-006 
4.86395e-006 0.99999 1.4297e-007 4.50945e-006 
8.0238e-006 0.999984 6.27012e-009 7.64687e-006 
8.00129e-006 0.999965 1.95365e-005 7.6121e-006 
7.74406e-006 0.999959 2.55305e-005 7.34345e-006 
7.37712e-006 0.999971 1.50594e-005 6.97224e-006 
6.91916e-006 0.999986 9.09959e-007 6.51265e-006 
6.42224e-006 0.999988 1.04356e-009 6.01624e-006 
5.95949e-006 0.999988 2.03035e-009 5.55582e-006 
5.60868e-006 0.999989 1.9296e-008 5.20909e-006 
5.34915e-006 0.999989 2.51276e-007 4.95598e-006 
5.15389e-006 0.99999 3.16901e-007 4.77045e-006 
5.06257e-006 0.99999 3.64229e-007 4.6839e-006 
7.65876e-006 0.999985 1.10431e-009 7.23443e-006 
7.37261e-006 0.999986 1.41114e-009 6.9461e-006 
6.96296e-006 0.999986 1.80468e-009 6.53686e-006 
6.4826e-006 0.999987 9.33073e-009 6.06012e-006 
5.99936e-006 0.999988 2.36934e-007 5.5818e-006 
5.65213e-006 0.999989 3.78117e-007 5.2397e-006 
5.35587e-006 0.999989 5.33853e-007 4.94913e-006 
7.85418e-006 0.983019 0.0169639 8.94138e-006 
7.53666e-006 0.984921 0.0150626 8.48111e-006 
7.12207e-006 0.985989 0.0139962 7.99466e-006 
6.56113e-006 0.986581 0.013405 7.40483e-006 
6.00471e-006 0.988709 0.0112782 6.69265e-006 
5.64881e-006 0.99044 0.00954781 6.2059e-006 
7.62966e-006 0.987923 0.0120612 8.32118e-006 
7.30876e-006 0.988723 0.0112615 7.94713e-006 
6.83758e-006 0.989733 0.0102528 7.4104e-006 
6.28897e-006 0.991004 0.00898332 6.77636e-006 
5.78874e-006 0.992611 0.00737664 6.15985e-006 
5.43842e-006 0.994238 0.00575134 5.68468e-006 
5.19463e-006 0.99639 0.00359964 5.26706e-006 
5.05634e-006 0.997781 0.00220917 5.01592e-006 
4.90928e-006 0.998334 0.00165584 4.82884e-006 
7.70425e-006 0.993075 0.00690912 7.96483e-006 
7.48433e-006 0.992245 0.00773922 7.82187e-006 
7.05439e-006 0.992569 0.00741693 7.38097e-006 
6.48905e-006 0.99335 0.00663703 6.77123e-006 
5.89004e-006 0.994395 0.00559297 6.10609e-006 
5.39199e-006 0.995541 0.00444827 5.52808e-006 
5.09386e-006 0.996625 0.00336442 5.14555e-006 
4.96191e-006 0.997693 0.00229753 4.92386e-006 
4.91839e-006 0.998543 0.0014471 4.8062e-006 
4.88168e-006 0.999078 0.000912578 4.72247e-006 
4.79385e-006 0.999401 0.000589701 4.60902e-006 
7.6646e-006 0.995379 0.00460527 7.73075e-006 
7.3521e-006 0.995268 0.00471716 7.4376e-006 
6.82565e-006 0.995573 0.00441363 6.90296e-006 
6.16717e-006 0.9962 0.00378804 6.21364e-006 
5.4953e-006 0.997001 0.00298833 5.4958e-006 
4.97075e-006 0.997789 0.00220088 4.91886e-006 
4.72024e-006 0.998412 0.00157911 4.61727e-006 
4.67871e-006 0.998916 0.00107452 4.52695e-006 
4.72696e-006 0.999321 0.000670168 4.53299e-006 
4.77056e-006 0.999606 0.000384265 4.54604e-006 
4.76506e-006 0.999777 0.000213626 4.52327e-006 
7.8969e-006 0.998084 0.00190014 7.71998e-006 
7.6738e-006 0.997485 0.0025001 7.55455e-006 
7.269e-006 0.997419 0.00256697 7.16592e-006 
6.67951e-006 0.997679 0.00230816 6.57033e-006 
5.96567e-006 0.998162 0.00182582 5.83494e-006 
5.24609e-006 0.998742 0.00124763 5.08453e-006 
4.69643e-006 0.999247 0.000744038 4.50236e-006 
4.47157e-006 0.999533 0.000457948 4.25023e-006 
4.47942e-006 0.999701 0.00029001 4.23476e-006 
4.57897e-006 0.99982 0.000170685 4.3145e-006 
4.66669e-006 0.999908 8.34093e-005 4.38769e-006 
4.69614e-006 0.999959 3.14669e-005 4.40987e-006 
7.86498e-006 0.998844 0.00114054 7.61556e-006 
7.64654e-006 0.998731 0.0012541 7.40926e-006 
7.23158e-006 0.998768 0.00121788 6.99751e-006 
6.64309e-006 0.99897 0.00101722 6.40238e-006 
5.94272e-006 0.999286 0.000701928 5.68756e-006 
5.24394e-006 0.999623 0.0003664 4.9703e-006 
4.70788e-006 0.999867 0.000124263 4.41686e-006 
4.46418e-006 0.999961 2.98812e-005 4.16108e-006 
4.44953e-006 0.999989 2.69015e-006 4.13816e-006 
4.53401e-006 0.999991 1.63161e-009 4.21674e-006 
4.61798e-006 0.999991 7.96917e-010 4.29726e-006 
4.64793e-006 0.999991 5.53846e-010 4.32759e-006 
7.81208e-006 0.999476 0.000508431 7.49642e-006 
7.6076e-006 0.999476 0.000509446 7.28907e-006 
7.22623e-006 0.999527 0.000458989 6.90341e-006 
6.68676e-006 0.999646 0.000340843 6.35732e-006 
6.04861e-006 0.999802 0.000185827 5.71062e-006 
5.40884e-006 0.999934 5.52758e-005 5.06216e-006 
4.90325e-006 0.999991 1.47908e-009 4.54996e-006 
4.6317e-006 0.999991 5.56044e-010 4.27577e-006 
4.55892e-006 0.999991 7.38969e-010 4.20339e-006 
4.57835e-006 0.999991 1.13716e-009 4.22528e-006 
4.62736e-006 0.999991 2.26251e-009 4.27744e-006 
4.63214e-006 0.999991 7.49932e-009 4.29001e-006 
7.74599e-006 0.99982 0.000165007 7.38971e-006 
7.52751e-006 0.999854 0.000131783 7.15637e-006 
7.21323e-006 0.99988 0.000105683 6.83324e-006 
6.7464e-006 0.999924 6.25872e-005 6.36004e-006 
6.19295e-006 0.99997 1.77717e-005 5.80269e-006 
5.61626e-006 0.999989 9.22151e-010 5.22494e-006 
5.14443e-006 0.99999 1.04772e-009 4.75357e-006 
4.86301e-006 0.999991 1.01985e-008 4.475e-006 
4.7327e-006 0.999991 1.42593e-007 4.35038e-006 
4.64269e-006 0.999991 2.00169e-007 4.27006e-006 
4.6673e-006 0.999991 2.30306e-007 4.29851e-006 
7.27228e-006 0.999986 1.43551e-009 6.8682e-006 
7.14977e-006 0.999986 2.361e-009 6.73769e-006 
6.74018e-006 0.999987 1.65641e-009 6.32015e-006 
6.29589e-006 0.999988 1.1216e-009 5.87509e-006 
5.76075e-006 0.999989 2.83207e-009 5.34676e-006 
5.31912e-006 0.99999 2.26544e-007 4.90936e-006 
5.07877e-006 0.99999 3.5842e-007 4.67292e-006 
5.04864e-006 0.99999 4.89534e-007 4.64591e-006 
6.48605e-006 0.999987 3.01718e-009 6.04699e-006 
6.30198e-006 0.999988 1.3057e-008 5.86258e-006 
8.89398e-006 0.965851 0.0341288 1.13625e-005 
8.60193e-006 0.966803 0.0331777 1.10034e-005 
8.2038e-006 0.967972 0.0320088 1.0524e-005 
7.85153e-006 0.969044 0.0309378 1.00965e-005 
8.55106e-006 0.974616 0.0253651 1.02995e-005 
8.32629e-006 0.975175 0.0248066 1.00408e-005 
7.94807e-006 0.976337 0.0236451 9.58288e-006 
7.45537e-006 0.977655 0.022329 9.00116e-006 
6.87939e-006 0.979492 0.0204932 8.29555e-006 
6.11006e-006 0.984046 0.0159404 7.17846e-006 
5.60502e-006 0.987222 0.0127658 6.42846e-006 
5.3532e-006 0.988377 0.0116115 6.08875e-006 
8.15438e-006 0.980913 0.0190696 9.39581e-006 
7.83368e-006 0.982485 0.0174986 8.96065e-006 
7.36646e-006 0.983555 0.0164295 8.42476e-006 
6.77063e-006 0.9848 0.0151855 7.7502e-006 
6.126e-006 0.986438 0.0135488 6.99555e-006 
5.53441e-006 0.988746 0.0112419 6.23521e-006 
5.1552e-006 0.990968 0.00902079 5.68433e-006 
4.96781e-006 0.99299 0.00699968 5.33397e-006 
4.82181e-006 0.995866 0.00412436 4.95387e-006 
4.79487e-006 0.997302 0.0026881 4.80963e-006 
4.79157e-006 0.997809 0.00218189 4.76678e-006 
7.75242e-006 0.988465 0.0115191 8.38543e-006 
7.4085e-006 0.988669 0.0113158 8.03872e-006 
6.83124e-006 0.98932 0.0106654 7.43055e-006 
6.1024e-006 0.990365 0.00962197 6.6442e-006 
5.35001e-006 0.991717 0.00827214 5.80946e-006 
4.75919e-006 0.993234 0.00675564 5.11441e-006 
4.4971e-006 0.994622 0.00536916 4.74298e-006 
4.48143e-006 0.995906 0.0040852 4.6167e-006 
4.56024e-006 0.997246 0.00274504 4.57832e-006 
4.65637e-006 0.998172 0.00181867 4.59282e-006 
4.70897e-006 0.998663 0.0013274 4.60294e-006 
7.71025e-006 0.993976 0.00600887 7.884e-006 
7.53686e-006 0.99313 0.0068548 7.78861e-006 
7.08506e-006 0.993115 0.00687017 7.35443e-006 
6.38626e-006 0.993628 0.00635889 6.63867e-006 
5.5148e-006 0.994535 0.00545363 5.72448e-006 
4.61927e-006 0.995676 0.00431508 4.76775e-006 
3.95832e-006 0.996779 0.0032135 4.03752e-006 
3.80725e-006 0.997516 0.00247625 3.82281e-006 
3.97213e-006 0.99809 0.00190249 3.92657e-006 
4.23086e-006 0.998643 0.00134835 4.12515e-006 
4.45371e-006 0.999098 0.000892955 4.29997e-006 
4.57955e-006 0.999423 0.000567586 4.39451e-006 
4.57248e-006 0.999705 0.000286017 4.36763e-006 
7.68491e-006 0.996293 0.00369178 7.66304e-006 
7.40998e-006 0.996041 0.00394393 7.41726e-006 
6.87743e-006 0.996134 0.00385256 6.89296e-006 
6.10264e-006 0.996594 0.00339385 6.10403e-006 
5.1443e-006 0.997358 0.00263162 5.11291e-006 
4.147e-006 0.998285 0.00170635 4.07039e-006 
3.40779e-006 0.999089 0.000904459 3.28474e-006 
3.33724e-006 0.999353 0.000640138 3.18258e-006 
3.6207e-006 0.999463 0.000529973 3.43925e-006 
3.98555e-006 0.999584 0.000408214 3.77783e-006 
4.28484e-006 0.999721 0.000270596 4.05474e-006 
4.46055e-006 0.999842 0.000149189 4.21711e-006 
4.49003e-006 0.999925 6.67447e-005 4.24965e-006 
7.61777e-006 0.997876 0.00210903 7.45655e-006 
7.3242e-006 0.997885 0.00210082 7.16736e-006 
6.78472e-006 0.998047 0.00193966 6.62553e-006 
6.02394e-006 0.99841 0.00157822 5.85164e-006 
5.10442e-006 0.998934 0.00105606 4.90906e-006 
4.17067e-006 0.999495 0.000496769 3.94663e-006 
3.48923e-006 0.999889 0.00010464 3.23915e-006 
3.35266e-006 0.999973 2.08709e-005 3.08825e-006 
3.58495e-006 0.999974 1.88984e-005 3.31127e-006 
3.923e-006 0.999965 2.73069e-005 3.64154e-006 
4.21298e-006 0.999974 1.74077e-005 3.92542e-006 
4.38602e-006 0.999991 5.2915e-007 4.0986e-006 
4.42674e-006 0.999991 2.93796e-010 4.15787e-006 
7.54426e-006 0.998929 0.00105661 7.28271e-006 
7.26431e-006 0.999017 0.000969076 6.99497e-006 
6.7732e-006 0.999162 0.000824687 6.4958e-006 
6.0932e-006 0.99939 0.000598484 5.80483e-006 
5.28579e-006 0.999666 0.000323703 4.9834e-006 
4.47549e-006 0.999901 9.04792e-005 4.15847e-006 
3.87289e-006 0.999993 4.4661e-010 3.5445e-006 
3.66562e-006 0.999993 3.37356e-010 3.33283e-006 
3.78804e-006 0.999993 4.92797e-010 3.45428e-006 
4.01491e-006 0.999992 6.1272e-010 3.68209e-006 
4.23939e-006 0.999992 7.04857e-010 3.90926e-006 
4.35496e-006 0.999992 7.80031e-010 4.03281e-006 
7.46716e-006 0.999539 0.000446364 7.14144e-006 
7.18978e-006 0.999647 0.000338757 6.84472e-006 
6.7834e-006 0.999733 0.000254231 6.42832e-006 
6.21705e-006 0.999836 0.00015214 5.85386e-006 
5.54288e-006 0.999936 5.31366e-005 5.17308e-006 
4.84236e-006 0.999991 1.0932e-009 4.46886e-006 
4.31509e-006 0.999992 7.21398e-010 3.93966e-006 
4.08301e-006 0.999992 1.23469e-008 3.70955e-006 
3.99887e-006 0.999992 1.25771e-008 3.63427e-006 
4.10723e-006 0.999992 9.29434e-009 3.74775e-006 
4.32656e-006 0.999992 1.44803e-008 3.96782e-006 
7.01377e-006 0.999932 5.41708e-005 6.61656e-006 
6.75313e-006 0.999954 3.315e-005 6.35016e-006 
6.31704e-006 0.999977 1.05762e-005 5.90866e-006 
5.78852e-006 0.999989 1.00094e-009 5.37876e-006 
5.11746e-006 0.99999 1.08095e-009 4.71463e-006 
4.67023e-006 0.999991 1.82404e-007 4.26938e-006 
4.56375e-006 0.999991 3.2649e-007 4.16369e-006 
6.85317e-006 0.999987 9.40794e-010 6.43025e-006 
6.64445e-006 0.999987 1.03619e-009 6.21814e-006 
6.34947e-006 0.999988 1.32848e-009 5.91827e-006 
6.07629e-006 0.999988 2.97874e-009 5.64365e-006 
3.61452e-006 0.580871 0.419092 3.26199e-005 
3.72347e-006 0.583712 0.416252 3.27306e-005 
4.28694e-006 0.596677 0.403285 3.29702e-005 
4.47829e-006 0.601071 0.398892 3.31086e-005 
4.8312e-006 0.60909 0.390872 3.33148e-005 
5.26499e-006 0.618369 0.381592 3.32906e-005 
5.43699e-006 0.621981 0.37798 3.33909e-005 
5.62775e-006 0.626068 0.373893 3.34935e-005 
6.39562e-006 0.642529 0.357431 3.34403e-005 
6.55102e-006 0.645566 0.354394 3.35027e-005 
6.69952e-006 0.648557 0.351403 3.35582e-005 
7.57217e-006 0.667512 0.332447 3.33665e-005 
7.70672e-006 0.670073 0.329886 3.33978e-005 
7.83091e-006 0.672538 0.327421 3.34208e-005 
8.6932e-006 0.691937 0.308021 3.30738e-005 
8.77059e-006 0.693398 0.30656 3.30886e-005 
8.86032e-006 0.695249 0.304709 3.30887e-005 
9.48024e-006 0.710193 0.289765 3.26931e-005 
9.51137e-006 0.710732 0.289226 3.27087e-005 
9.57289e-006 0.712108 0.28785 3.26964e-005 
1.13682e-005 0.92438 0.0755911 1.72518e-005 
1.12295e-005 0.924811 0.0751603 1.70821e-005 
1.10043e-005 0.925541 0.0744314 1.68038e-005 
1.07466e-005 0.926511 0.0734621 1.64736e-005 
1.05336e-005 0.927484 0.0724888 1.61859e-005 
1.08438e-005 0.936001 0.0639725 1.57557e-005 
1.06495e-005 0.93704 0.0629339 1.54818e-005 
1.03671e-005 0.938112 0.0618626 1.51202e-005 
1.00342e-005 0.939398 0.0605775 1.46915e-005 
9.68241e-006 0.941296 0.0586797 1.41918e-005 
9.23441e-006 0.945726 0.0542518 1.33832e-005 
1.00162e-005 0.951297 0.048679 1.36626e-005 
9.64642e-006 0.954459 0.0455179 1.30425e-005 
9.28113e-006 0.95591 0.0440685 1.25706e-005 
8.86282e-006 0.957213 0.0427664 1.206e-005 
8.46017e-006 0.958462 0.0415178 1.15682e-005 
8.21696e-006 0.958365 0.0416151 1.1341e-005 
9.0752e-006 0.966661 0.0333183 1.14654e-005 
8.79681e-006 0.967662 0.032318 1.11157e-005 
8.35922e-006 0.96881 0.0311708 1.06012e-005 
7.81754e-006 0.970184 0.0297978 9.96775e-006 
7.23784e-006 0.971984 0.0279998 9.26207e-006 
6.6511e-006 0.974813 0.0251719 8.46327e-006 
5.89799e-006 0.981024 0.0189627 7.22156e-006 
5.62103e-006 0.983668 0.0163194 6.73422e-006 
8.40377e-006 0.977021 0.0229605 9.95416e-006 
8.06995e-006 0.977608 0.0223747 9.58646e-006 
7.51716e-006 0.978548 0.021436 8.97944e-006 
6.82514e-006 0.979866 0.020119 8.20762e-006 
6.10332e-006 0.981609 0.0183779 7.3719e-006 
5.49002e-006 0.983881 0.0161072 6.59513e-006 
5.09632e-006 0.98674 0.0132494 5.97791e-006 
4.95286e-006 0.989279 0.0107105 5.62745e-006 
4.81383e-006 0.992979 0.00701068 5.18703e-006 
4.82162e-006 0.995372 0.00461803 4.9981e-006 
4.86444e-006 0.996517 0.00347325 4.94649e-006 
8.02824e-006 0.987904 0.0120796 8.68611e-006 
7.89557e-006 0.985556 0.0144276 8.75628e-006 
7.45058e-006 0.985353 0.0146311 8.347e-006 
6.74432e-006 0.986024 0.0139613 7.61479e-006 
5.85724e-006 0.987239 0.0127482 6.665e-006 
4.93738e-006 0.988833 0.0111569 5.65311e-006 
4.2401e-006 0.99058 0.00941101 4.84026e-006 
4.04272e-006 0.992163 0.00782807 4.51519e-006 
4.16767e-006 0.993647 0.0063444 4.50784e-006 
4.37646e-006 0.995353 0.00463808 4.56526e-006 
4.57834e-006 0.99676 0.00323126 4.64339e-006 
4.71653e-006 0.997677 0.00231372 4.70223e-006 
4.76052e-006 0.998305 0.00168561 4.69568e-006 
7.8203e-006 0.991606 0.00837772 8.18087e-006 
7.54064e-006 0.990891 0.00909399 7.97145e-006 
6.96269e-006 0.99089 0.00909514 7.41564e-006 
6.09516e-006 0.991547 0.00844014 6.52806e-006 
4.98928e-006 0.99273 0.00725934 5.36996e-006 
3.79547e-006 0.994269 0.00572333 4.10021e-006 
2.89371e-006 0.995759 0.00423454 3.11322e-006 
2.92366e-006 0.996457 0.0035374 3.07434e-006 
3.3676e-006 0.996978 0.00301536 3.45004e-006 
3.86543e-006 0.997617 0.00237549 3.87258e-006 
4.26108e-006 0.998258 0.00173389 4.20009e-006 
4.51061e-006 0.998765 0.00122641 4.40012e-006 
4.61281e-006 0.999099 0.000891865 4.47365e-006 
7.86352e-006 0.995114 0.00486991 7.9306e-006 
7.68698e-006 0.994696 0.00528874 7.79412e-006 
7.30095e-006 0.994502 0.0054831 7.43601e-006 
6.63636e-006 0.994705 0.00528121 6.7764e-006 
5.67178e-006 0.995363 0.00462514 5.79103e-006 
4.42284e-006 0.996462 0.00352883 4.49749e-006 
2.99532e-006 0.997912 0.00208174 3.00619e-006 
1.80355e-006 0.999309 0.000686973 1.74653e-006 
2.08892e-006 0.999262 0.000733585 2.00672e-006 
2.79498e-006 0.999126 0.000868736 2.69025e-006 
3.48755e-006 0.999167 0.000826442 3.35325e-006 
4.00458e-006 0.999338 0.000653933 3.83937e-006 
4.32585e-006 0.999533 0.000458254 4.13687e-006 
4.46858e-006 0.999672 0.000319149 4.26942e-006 
7.7648e-006 0.996374 0.00361086 7.72801e-006 
7.5579e-006 0.99673 0.00325471 7.49367e-006 
7.14891e-006 0.996887 0.00309847 7.08001e-006 
6.48526e-006 0.99718 0.00280714 6.4085e-006 
5.55355e-006 0.997717 0.0022716 5.45716e-006 
4.3873e-006 0.99849 0.00150167 4.25848e-006 
3.12579e-006 0.999363 0.000630805 2.9558e-006 
2.15615e-006 0.999996 3.99936e-010 1.94864e-006 
2.16884e-006 0.999996 1.60166e-010 1.94933e-006 
2.75083e-006 0.999933 6.15727e-005 2.52475e-006 
3.39699e-006 0.999863 0.000130718 3.16468e-006 
3.8949e-006 0.999869 0.000123624 3.65392e-006 
4.21205e-006 0.999916 7.54168e-005 3.96487e-006 
4.37404e-006 0.999961 3.0274e-005 4.13587e-006 
7.68025e-006 0.997352 0.00263279 7.56052e-006 
7.43756e-006 0.998134 0.00185132 7.24781e-006 
7.05739e-006 0.99842 0.0015663 6.84605e-006 
6.4632e-006 0.998681 0.0013062 6.2385e-006 
5.64982e-006 0.999033 0.00095596 5.40937e-006 
4.66421e-006 0.999457 0.000533444 4.40381e-006 
3.6367e-006 0.999838 0.00015459 3.35476e-006 
2.84807e-006 0.999995 1.37383e-010 2.54899e-006 
2.66786e-006 0.999995 2.41662e-010 2.36335e-006 
3.16971e-006 0.999994 3.97014e-010 2.85663e-006 
3.59289e-006 0.999993 1.09937e-009 3.28024e-006 
3.94804e-006 0.999992 8.93605e-010 3.64366e-006 
4.16233e-006 0.999992 6.74005e-010 3.86039e-006 
7.25956e-006 0.999248 0.000737672 6.96121e-006 
6.97888e-006 0.99937 0.0006166 6.66664e-006 
6.49789e-006 0.999514 0.000473413 6.17437e-006 
5.83612e-006 0.999688 0.000300255 5.50217e-006 
5.04122e-006 0.999865 0.00012486 4.69764e-006 
4.19747e-006 0.999981 1.07849e-005 3.84706e-006 
3.54694e-006 0.999993 5.44013e-010 3.19208e-006 
3.33713e-006 0.999994 2.10309e-008 2.98296e-006 
3.46871e-006 0.999993 4.12181e-009 3.117e-006 
3.65944e-006 0.999993 1.96746e-009 3.31053e-006 
7.11065e-006 0.999742 0.000244264 6.75688e-006 
6.89406e-006 0.999834 0.000152804 6.51876e-006 
6.53299e-006 0.999889 9.81928e-005 6.14844e-006 
6.0263e-006 0.999944 4.45833e-005 5.63556e-006 
5.41858e-006 0.999985 4.42119e-006 5.02527e-006 
4.6486e-006 0.999991 4.63762e-010 4.26114e-006 
4.1996e-006 0.999992 9.61262e-009 3.80823e-006 
6.7967e-006 0.999987 1.20745e-009 6.38599e-006 
6.53945e-006 0.999987 9.90744e-010 6.12456e-006 
6.1728e-006 0.999988 9.56252e-010 5.75389e-006 
5.84528e-006 0.999989 1.03174e-009 5.42451e-006 
1.25117e-006 0.511667 0.488302 2.96843e-005 
1.3403e-006 0.517012 0.482957 2.99817e-005 
1.49112e-006 0.523991 0.475977 3.03713e-005 
1.68134e-006 0.530908 0.46906 3.07559e-005 
1.83823e-006 0.536078 0.463889 3.10373e-005 
1.63051e-006 0.527276 0.472692 3.03851e-005 
1.64237e-006 0.527916 0.472051 3.04213e-005 
1.81214e-006 0.534499 0.465468 3.07462e-005 
2.00366e-006 0.541571 0.458396 3.11059e-005 
2.20219e-006 0.548014 0.451953 3.14349e-005 
2.39808e-006 0.55364 0.446326 3.17065e-005 
2.06109e-006 0.543075 0.456892 3.10313e-005 
2.29962e-006 0.549811 0.450156 3.1285e-005 
2.75987e-006 0.561942 0.438023 3.18007e-005 
3.00362e-006 0.568903 0.431062 3.21032e-005 
3.11532e-006 0.57278 0.427184 3.227e-005 
3.37527e-006 0.579557 0.420407 3.25374e-005 
3.83223e-006 0.591231 0.408732 3.29408e-005 
2.56874e-006 0.559209 0.440757 3.16037e-005 
3.1503e-006 0.573598 0.426367 3.20297e-005 
3.7007e-006 0.586111 0.413853 3.24977e-005 
4.01964e-006 0.593602 0.406361 3.27704e-005 
4.28296e-006 0.599795 0.400168 3.29725e-005 
4.43975e-006 0.604103 0.39586 3.30992e-005 
4.6709e-006 0.609503 0.390459 3.32643e-005 
4.38576e-006 0.603505 0.396458 3.27076e-005 
4.82494e-006 0.611992 0.38797 3.29908e-005 
5.14218e-006 0.618522 0.38144 3.31874e-005 
5.41561e-006 0.62431 0.375651 3.33363e-005 
5.63261e-006 0.629563 0.370398 3.34217e-005 
5.85659e-006 0.6343 0.365661 3.35139e-005 
5.5852e-006 0.630146 0.369815 3.30583e-005 
6.0454e-006 0.638344 0.361616 3.32269e-005 
6.36168e-006 0.644356 0.355605 3.33507e-005 
6.62817e-006 0.649712 0.350248 3.34393e-005 
6.87717e-006 0.655517 0.344443 3.34714e-005 
7.08354e-006 0.659803 0.340157 3.35128e-005 
6.60121e-006 0.651758 0.348202 3.31523e-005 
7.30763e-006 0.665144 0.334816 3.31777e-005 
7.61789e-006 0.670975 0.328984 3.32331e-005 
7.86123e-006 0.675888 0.324071 3.32611e-005 
8.1201e-006 0.682105 0.317854 3.32153e-005 
8.30546e-006 0.686105 0.313853 3.32057e-005 
8.72776e-006 0.696209 0.303749 3.27719e-005 
8.85573e-006 0.698555 0.301403 3.27991e-005 
9.03772e-006 0.702501 0.297457 3.2774e-005 
9.30438e-006 0.709489 0.290469 3.26213e-005 
9.47215e-006 0.713439 0.286519 3.25584e-005 
1.04633e-005 0.740182 0.259776 3.14933e-005 
9.9885e-006 0.727412 0.272546 3.19248e-005 
9.97198e-006 0.726721 0.273237 3.19852e-005 
1.00948e-005 0.729838 0.27012 3.19203e-005 
1.03733e-005 0.737947 0.262011 3.16491e-005 
1.05185e-005 0.741778 0.25818 3.15434e-005 
1.11696e-005 0.761115 0.238843 3.06268e-005 
1.10932e-005 0.760654 0.239305 3.05627e-005 
1.11004e-005 0.761827 0.238131 3.04877e-005 
1.11728e-005 0.764446 0.235513 3.03844e-005 
1.12928e-005 0.768319 0.231639 3.02388e-005 
1.13775e-005 0.770931 0.229028 3.01444e-005 
1.17433e-005 0.780951 0.219007 2.96538e-005 
1.18558e-005 0.790391 0.209568 2.89861e-005 
1.18778e-005 0.793469 0.20649 2.87652e-005 
1.19019e-005 0.795799 0.20416 2.86194e-005 
1.19412e-005 0.798272 0.201688 2.84811e-005 
1.19742e-005 0.80012 0.19984 2.83806e-005 
1.23679e-005 0.823836 0.176125 2.6754e-005 
1.23328e-005 0.824548 0.175413 2.66685e-005 
1.22959e-005 0.825892 0.174069 2.65335e-005 
1.22701e-005 0.827591 0.17237 2.63809e-005 
1.22572e-005 0.829022 0.170939 2.62591e-005 
1.26618e-005 0.86571 0.134254 2.35291e-005 
1.25419e-005 0.856268 0.143695 2.42073e-005 
1.24373e-005 0.854523 0.14544 2.42572e-005 
1.23348e-005 0.855006 0.144958 2.41236e-005 
1.22461e-005 0.856241 0.143723 2.39403e-005 
1.21882e-005 0.857468 0.142496 2.37855e-005 
1.24114e-005 0.885273 0.114693 2.16148e-005 
1.23077e-005 0.883256 0.11671 2.16848e-005 
1.21572e-005 0.882779 0.117187 2.15812e-005 
1.199e-005 0.883363 0.116604 2.13727e-005 
1.18362e-005 0.884423 0.115544 2.11368e-005 
1.17313e-005 0.885359 0.114608 2.09577e-005 
1.17932e-005 0.911281 0.0886888 1.87862e-005 
1.16667e-005 0.911232 0.088738 1.86685e-005 
1.14592e-005 0.911663 0.0883074 1.84325e-005 
1.12166e-005 0.912535 0.0874354 1.81254e-005 
1.09879e-005 0.913548 0.0864233 1.78195e-005 
1.08266e-005 0.9137 0.0862717 1.76514e-005 
1.0443e-005 0.922388 0.0775847 1.6534e-005 
1.11298e-005 0.930229 0.0697435 1.65235e-005 
1.09619e-005 0.93076 0.0692124 1.63175e-005 
1.06881e-005 0.931598 0.0683752 1.59837e-005 
1.0359e-005 0.932757 0.0672168 1.55692e-005 
1.00219e-005 0.934286 0.0656891 1.51151e-005 
9.71001e-006 0.936311 0.063665 1.46418e-005 
9.47806e-006 0.938698 0.0612786 1.42117e-005 
9.06055e-006 0.944911 0.055067 1.32781e-005 
1.03306e-005 0.947003 0.0529728 1.43252e-005 
1.00955e-005 0.94794 0.0520362 1.40211e-005 
9.73581e-006 0.948973 0.0510041 1.35894e-005 
9.30522e-006 0.950221 0.0497569 1.30713e-005 
8.87147e-006 0.951698 0.0482803 1.25302e-005 
8.50867e-006 0.953228 0.0467518 1.20517e-005 
8.25545e-006 0.954742 0.0452377 1.16778e-005 
8.01148e-006 0.95778 0.0422005 1.11845e-005 
9.48923e-006 0.961632 0.0383462 1.22787e-005 
9.21274e-006 0.962149 0.03783 1.19711e-005 
8.75168e-006 0.963062 0.0369175 1.14535e-005 
8.18455e-006 0.964358 0.0356229 1.08022e-005 
7.59905e-006 0.966058 0.033924 1.00993e-005 
7.08292e-006 0.968276 0.0317072 9.4188e-006 
6.6788e-006 0.971331 0.0286533 8.77443e-006 
6.42256e-006 0.974673 0.0253124 8.24729e-006 
6.09001e-006 0.979709 0.0202773 7.50499e-006 
8.74503e-006 0.973272 0.0267086 1.05864e-005 
8.38154e-006 0.973442 0.0265396 1.02249e-005 
7.7794e-006 0.974209 0.0257741 9.58537e-006 
7.03296e-006 0.975491 0.024493 8.76512e-006 
6.26627e-006 0.977206 0.0227801 7.88986e-006 
5.65035e-006 0.979284 0.0207032 7.12782e-006 
5.34176e-006 0.981666 0.0183216 6.63218e-006 
5.26546e-006 0.984321 0.0156674 6.33638e-006 
5.22238e-006 0.987836 0.0121524 6.00285e-006 
5.10322e-006 0.992216 0.00777334 5.5288e-006 
5.12718e-006 0.994176 0.00581334 5.39227e-006 
8.28642e-006 0.985499 0.0144834 9.12627e-006 
8.14471e-006 0.982637 0.0173453 9.22935e-006 
7.64084e-006 0.982236 0.0177479 8.78047e-006 
6.85727e-006 0.982876 0.0171096 7.97778e-006 
5.87252e-006 0.984159 0.0158287 6.93065e-006 
4.83426e-006 0.985874 0.0141154 5.79818e-006 
4.04045e-006 0.987725 0.0122665 4.88769e-006 
3.91535e-006 0.989251 0.0107405 4.63715e-006 
4.15833e-006 0.990788 0.00920314 4.73878e-006 
4.47037e-006 0.992674 0.00731657 4.88091e-006 
4.71247e-006 0.994677 0.0053138 4.94936e-006 
4.87839e-006 0.996082 0.00390769 4.99517e-006 
4.91843e-006 0.997194 0.00279579 4.94415e-006 
8.23533e-006 0.990857 0.00912586 8.63407e-006 
8.05344e-006 0.989586 0.0103973 8.56503e-006 
7.69226e-006 0.988642 0.0113417 8.29607e-006 
7.03395e-006 0.988623 0.0113625 7.66554e-006 
6.06287e-006 0.98936 0.0106271 6.67378e-006 
4.79855e-006 0.990726 0.00926379 5.35219e-006 
3.34581e-006 0.992593 0.00739995 3.81359e-006 
2.12005e-006 0.994523 0.00547249 2.48905e-006 
2.38006e-006 0.995019 0.00497566 2.68475e-006 
3.07593e-006 0.995426 0.00456763 3.31082e-006 
3.7635e-006 0.996137 0.00385549 3.91002e-006 
4.26841e-006 0.997 0.00299144 4.32488e-006 
4.58382e-006 0.997733 0.00225828 4.56999e-006 
4.72408e-006 0.998222 0.00176852 4.66673e-006 
8.0207e-006 0.993364 0.00661933 8.22215e-006 
7.80377e-006 0.993028 0.00695649 8.03953e-006 
7.35229e-006 0.992856 0.0071291 7.61694e-006 
6.60748e-006 0.993132 0.00685439 6.87543e-006 
5.52503e-006 0.99393 0.00605861 5.76784e-006 
4.05842e-006 0.995302 0.00468976 4.24792e-006 
2.15494e-006 0.997354 0.00264155 2.26174e-006 
0 1 0 0 
1.02942e-006 0.999095 0.000902998 1.02977e-006 
2.22646e-006 0.998529 0.00146667 2.21828e-006 
3.23941e-006 0.998449 0.00154413 3.19985e-006 
3.91524e-006 0.998665 0.00132735 3.83505e-006 
4.32691e-006 0.998953 0.00103852 4.21097e-006 
4.51949e-006 0.999159 0.000832052 4.38276e-006 
7.83615e-006 0.995438 0.00454625 7.87169e-006 
7.59324e-006 0.995599 0.00438626 7.61934e-006 
7.12678e-006 0.99578 0.00420594 7.14911e-006 
6.39281e-006 0.996156 0.00383125 6.40458e-006 
