2.78151e-005 0.874488 1.69857e-005 0.125467 
2.7687e-005 0.871759 1.64353e-005 0.128197 
2.80858e-005 0.877564 1.71901e-005 0.122391 
2.79654e-005 0.874927 1.66494e-005 0.125028 
0.397061 8.84806e-006 0.476726 0.126204 
0.394548 9.14267e-006 0.483448 0.121995 
0.387685 5.17914e-006 0.435702 0.176607 
0.386137 5.54575e-006 0.443161 0.170697 
0.381866 8.22277e-006 0.485621 0.132505 
0.37702 8.68523e-006 0.497289 0.125682 
0.366216 9.1512e-006 0.515615 0.11816 
0.35974 9.59457e-006 0.52862 0.111631 
0.371061 3.07665e-006 0.420053 0.208882 
0.370696 3.57189e-006 0.429299 0.200002 
0.372621 4.42556e-006 0.441306 0.186069 
0.369876 5.13857e-006 0.455834 0.174285 
0.362681 5.93241e-006 0.476 0.161313 
0.362326 7.08324e-006 0.492628 0.145039 
0.357533 7.88187e-006 0.509052 0.133407 
0.350058 8.56833e-006 0.526678 0.123255 
0.341883 9.17496e-006 0.543815 0.114292 
0.329817 9.64092e-006 0.563465 0.106708 
0.323536 1.0027e-005 0.57538 0.101074 
0.357281 2.54309e-006 0.426336 0.216381 
0.355998 2.98032e-006 0.436277 0.207722 
0.354333 3.65154e-006 0.450223 0.19544 
0.350983 4.39489e-006 0.466568 0.182445 
0.346184 5.21822e-006 0.484987 0.168823 
0.34204 6.13449e-006 0.503237 0.154717 
0.336598 6.97795e-006 0.521388 0.142007 
0.32995 7.75364e-006 0.539535 0.130507 
0.322676 8.45558e-006 0.557076 0.120239 
0.314999 9.04928e-006 0.573444 0.111548 
0.309846 9.47471e-006 0.584655 0.10549 
0.338307 1.83944e-006 0.434514 0.227177 
0.336555 2.22476e-006 0.445076 0.218367 
0.333851 2.81523e-006 0.460018 0.206128 
0.330116 3.52292e-006 0.47726 0.19262 
0.325511 4.31608e-006 0.49588 0.178605 
0.320503 5.16629e-006 0.51491 0.164582 
0.314811 6.01175e-006 0.53392 0.151263 
0.308505 6.82315e-006 0.552573 0.138915 
0.30192 7.57388e-006 0.570283 0.12779 
0.295614 8.2214e-006 0.586004 0.118373 
0.291078 8.67594e-006 0.597032 0.111881 
0.317478 1.14351e-006 0.442996 0.239525 
0.315503 1.47026e-006 0.454073 0.230423 
0.312417 1.98593e-006 0.469728 0.217853 
0.308447 2.63201e-006 0.48767 0.203881 
0.303751 3.37563e-006 0.506838 0.189407 
0.298517 4.18416e-006 0.526491 0.174988 
0.292795 5.01646e-006 0.546103 0.161097 
0.286722 5.83695e-006 0.565199 0.148073 
0.280576 6.60938e-006 0.583152 0.136265 
0.274862 7.28279e-006 0.598878 0.126253 
0.270674 7.7559e-006 0.609959 0.119359 
0.296304 5.64967e-007 0.451076 0.25262 
0.294205 8.18003e-007 0.462592 0.243203 
0.290931 1.23923e-006 0.478848 0.23022 
0.286817 1.79791e-006 0.497419 0.215763 
0.282039 2.47124e-006 0.517183 0.200775 
0.276748 3.22846e-006 0.537413 0.185836 
0.271089 4.03147e-006 0.557533 0.171374 
0.265235 4.84137e-006 0.577021 0.157739 
0.25943 5.61641e-006 0.595239 0.145325 
0.254103 6.29957e-006 0.61112 0.134771 
0.250181 6.78201e-006 0.622309 0.127503 
0.275688 1.78436e-007 0.458357 0.265955 
0.273496 3.43557e-007 0.470255 0.256249 
0.270079 6.40845e-007 0.48705 0.242871 
0.26586 1.08132e-006 0.506202 0.227937 
0.261026 1.65878e-006 0.526568 0.212404 
0.25571 2.34458e-006 0.547366 0.196922 
0.250152 3.09869e-006 0.567931 0.181914 
0.244543 3.87906e-006 0.587739 0.167714 
0.239089 4.64034e-006 0.60618 0.154727 
0.234141 5.32107e-006 0.622215 0.143639 
0.230488 5.80469e-006 0.633498 0.136008 
0.256446 4.33493e-009 0.464552 0.279003 
0.254133 8.60259e-008 0.476787 0.26908 
0.250482 2.33955e-007 0.494095 0.255423 
0.246157 5.27824e-007 0.513759 0.240083 
0.241286 9.84637e-007 0.534761 0.223952 
0.23584 1.57633e-006 0.556206 0.207953 
0.23038 2.25951e-006 0.57713 0.192487 
0.225094 2.99071e-006 0.597117 0.177786 
0.220101 3.72366e-006 0.615657 0.164239 
0.215671 4.39602e-006 0.631791 0.152534 
0.212351 4.87515e-006 0.64313 0.144514 
0.239772 1.90266e-009 0.469334 0.290894 
0.237178 2.02804e-009 0.48191 0.280912 
0.232823 2.58828e-008 0.499831 0.267346 
0.228394 1.65672e-007 0.519744 0.251862 
0.223649 4.87173e-007 0.541531 0.23482 
0.21753 9.63488e-007 0.564035 0.218434 
0.212131 1.5517e-006 0.585081 0.202786 
0.207362 2.21372e-006 0.604926 0.18771 
0.203097 2.90619e-006 0.62327 0.17363 
0.199658 3.58713e-006 0.639434 0.160905 
0.196831 4.06445e-006 0.650799 0.152366 
0.2282 1.21629e-006 0.472159 0.29964 
0.224964 2.69822e-009 0.485178 0.289858 
0.217854 1.80841e-009 0.504487 0.277659 
0.213611 1.40306e-008 0.523252 0.263137 
0.210312 2.05333e-007 0.546285 0.243402 
0.200901 5.40782e-007 0.57178 0.227318 
0.195709 1.00416e-006 0.591874 0.212416 
0.19204 1.5799e-006 0.61081 0.197148 
0.188975 2.21076e-006 0.628139 0.182884 
0.18824 3.01105e-006 0.644353 0.167404 
0.186158 3.50665e-006 0.655757 0.158082 
0.205356 6.8107e-009 0.510714 0.28393 
0.203339 2.07286e-009 0.520677 0.275984 
0.183764 3.32609e-007 0.584154 0.232081 
0.181431 6.20954e-007 0.597359 0.221209 
0.180851 1.13179e-006 0.614044 0.205104 
0.178779 1.54672e-006 0.62745 0.193769 
0.172969 1.87587e-007 0.588191 0.23884 
0.171319 3.04978e-007 0.596622 0.232059 
0.0172588 0.0861245 0.045437 0.85118 
0.0178217 0.0837908 0.0483306 0.850057 
0.010245 0.116982 0.0231629 0.84961 
0.0107641 0.113578 0.0254292 0.850229 
0.0152731 0.09111 0.0434434 0.850174 
0.0159344 0.0873989 0.0478631 0.848804 
0.0163162 0.083741 0.0537744 0.846168 
0.0169232 0.0803269 0.0590445 0.843705 
0.00693888 0.137801 0.015117 0.840143 
0.00757172 0.132506 0.017499 0.842423 
0.0087615 0.123983 0.0214762 0.845779 
0.00966591 0.117163 0.0257206 0.847451 
0.0106047 0.110031 0.0315351 0.847829 
0.0124268 0.10031 0.0389549 0.848308 
0.0135169 0.0937246 0.0453385 0.84742 
0.0143379 0.088239 0.0519942 0.845429 
0.0150267 0.0835237 0.0587367 0.842713 
0.0152418 0.0799778 0.0655565 0.839224 
0.0156718 0.0770915 0.0708626 0.836374 
0.00602169 0.143698 0.0143709 0.835909 
0.00651931 0.138599 0.0165968 0.838285 
0.00730132 0.131369 0.0201333 0.841196 
0.00813739 0.123868 0.0245172 0.843478 
0.00906308 0.116126 0.0298957 0.844915 
0.0101812 0.108033 0.0361315 0.845654 
0.011153 0.100874 0.0425903 0.845383 
0.0119996 0.0945318 0.0493586 0.84411 
0.0127404 0.088974 0.0562939 0.841992 
0.0133187 0.0843901 0.0630056 0.839286 
0.0137913 0.0811656 0.0681625 0.836881 
0.00487434 0.152272 0.0133585 0.829495 
0.00526694 0.1471 0.0154441 0.832189 
0.00586146 0.139963 0.0187346 0.835441 
0.00655534 0.13217 0.0229186 0.838356 
0.00732531 0.124162 0.0279239 0.840589 
0.00816023 0.116189 0.0336336 0.842017 
0.00896799 0.108695 0.039828 0.842509 
0.00972307 0.10183 0.0464013 0.842046 
0.010413 0.0957145 0.0531521 0.84072 
0.0110073 0.0905935 0.0596137 0.838786 
0.0114486 0.0870717 0.0645623 0.836917 
0.00375557 0.162204 0.0122839 0.821757 
0.00406621 0.156847 0.0142375 0.824849 
0.00453243 0.149512 0.0173154 0.82864 
0.0050887 0.141433 0.0212452 0.832233 
0.00570583 0.133137 0.0259212 0.835236 
0.00636124 0.124934 0.03125 0.837455 
0.00701838 0.117097 0.0371097 0.838775 
0.00765405 0.109811 0.0433705 0.839164 
0.00824922 0.103258 0.0498108 0.838682 
0.00877312 0.0977412 0.0559604 0.837525 
0.00915331 0.0939609 0.0606672 0.836219 
0.00276537 0.172883 0.0112377 0.813114 
0.00300783 0.167312 0.0130621 0.816618 
0.00337107 0.159704 0.0159368 0.820988 
0.00380759 0.151309 0.0196123 0.825271 
0.00429296 0.14268 0.0239846 0.829042 
0.00480821 0.134149 0.028973 0.83207 
0.00533346 0.12595 0.0344841 0.834232 
0.00585136 0.118272 0.0403928 0.835484 
0.00634352 0.111323 0.0464802 0.835853 
0.0067805 0.10545 0.0522927 0.835477 
0.00709551 0.101428 0.0567397 0.834737 
0.00194137 0.183907 0.0102667 0.803885 
0.00212587 0.178129 0.0119644 0.807781 
0.00240279 0.170249 0.0146427 0.812706 
0.00273787 0.16153 0.0180738 0.817658 
0.00311245 0.152538 0.0221639 0.822186 
0.00351142 0.143651 0.0268326 0.826005 
0.00392319 0.135091 0.0319965 0.828989 
0.00433563 0.127031 0.037545 0.831088 
0.00473307 0.119692 0.0432735 0.832302 
0.00508919 0.113453 0.0487512 0.832707 
0.00534531 0.109186 0.0529355 0.832533 
0.00129538 0.194834 0.00940427 0.794466 
0.00143059 0.188896 0.0109783 0.798695 
0.00163384 0.180826 0.0134652 0.804075 
0.0018842 0.171821 0.0166623 0.809633 
0.00216797 0.162417 0.0205016 0.814914 
0.00246815 0.153199 0.0248712 0.819462 
0.00278341 0.144322 0.02969 0.823204 
0.00310699 0.135895 0.0348818 0.826116 
0.0034263 0.128141 0.0402678 0.828165 
0.00371935 0.12145 0.0454553 0.829375 
0.00392793 0.116903 0.0493956 0.829773 
0.000831631 0.204907 0.0086909 0.785571 
0.00092469 0.19893 0.0101462 0.789999 
0.00106003 0.190982 0.0124374 0.795521 
0.00124074 0.181851 0.0153923 0.801516 
0.00145871 0.171802 0.0190607 0.807679 
0.00166751 0.162413 0.0231603 0.812759 
0.00189999 0.153388 0.0276098 0.817102 
0.00215389 0.144631 0.0324435 0.820772 
0.00241794 0.136424 0.037514 0.823644 
0.00268542 0.12894 0.0425749 0.8258 
0.00286449 0.123997 0.0463407 0.826798 
0.000565894 0.212369 0.00821136 0.778854 
0.00062384 0.206591 0.00956637 0.783219 
0.000671317 0.199933 0.0116278 0.787768 
0.000794042 0.191337 0.014204 0.793665 
0.00101025 0.179284 0.0180089 0.801697 
0.00109239 0.170587 0.0218749 0.806446 
0.00125049 0.161972 0.0258024 0.810975 
0.00145983 0.15289 0.0302595 0.815391 
0.00169176 0.144367 0.0349485 0.818993 
0.0020428 0.134715 0.0404955 0.822747 
0.00222255 0.129161 0.0442573 0.824359 
0.000443519 0.206066 0.011315 0.782176 
0.000493012 0.201274 0.0125803 0.785653 
0.000693602 0.176425 0.0215681 0.801313 
0.000800663 0.169876 0.0242423 0.805081 
0.00102467 0.159712 0.0284556 0.810808 
0.00117004 0.152858 0.0318153 0.814157 
0.000449135 0.182616 0.0206261 0.796309 
0.000491865 0.178538 0.0221211 0.798849 
2.11059e-005 0.80386 1.28234e-005 0.196106 
2.08504e-005 0.799228 1.20197e-005 0.200739 
2.45583e-005 0.852883 2.01267e-005 0.147072 
2.42547e-005 0.848176 1.92409e-005 0.15178 
2.19311e-005 0.812346 1.328e-005 0.187619 
2.15901e-005 0.805565 1.20189e-005 0.194402 
2.13458e-005 0.798279 1.04243e-005 0.201689 
2.10374e-005 0.791137 9.12842e-006 0.208833 
2.64902e-005 0.877612 2.35515e-005 0.122338 
2.60722e-005 0.87159 2.24379e-005 0.128361 
2.53382e-005 0.861338 2.07329e-005 0.138616 
2.47729e-005 0.852447 1.90452e-005 0.147509 
2.41921e-005 0.842105 1.69245e-005 0.157854 
2.32232e-005 0.827119 1.45108e-005 0.172843 
2.26275e-005 0.816306 1.25921e-005 0.183659 
2.2167e-005 0.80647 1.07683e-005 0.193497 
2.17812e-005 0.797274 9.09431e-006 0.202695 
2.15939e-005 0.789688 7.54727e-006 0.210283 
2.13535e-005 0.78313 6.47617e-006 0.216842 
2.70393e-005 0.883454 2.3829e-005 0.116495 
2.66784e-005 0.878029 2.27509e-005 0.121922 
2.61374e-005 0.869813 2.11721e-005 0.13014 
2.55709e-005 0.860661 1.93754e-005 0.139294 
2.49709e-005 0.850389 1.73648e-005 0.149569 
2.42993e-005 0.838808 1.52468e-005 0.161153 
2.37179e-005 0.827877 1.32408e-005 0.172086 
2.3211e-005 0.817382 1.13277e-005 0.182583 
2.277e-005 0.807399 9.55311e-006 0.192569 
2.2418e-005 0.79847 8.001e-006 0.2015 
2.21464e-005 0.791705 6.92696e-006 0.208266 
2.77776e-005 0.891471 2.42315e-005 0.108477 
2.74563e-005 0.886454 2.31772e-005 0.113495 
2.6991e-005 0.879025 2.1647e-005 0.120926 
2.64697e-005 0.870308 1.98677e-005 0.129646 
2.5921e-005 0.860638 1.79286e-005 0.139318 
2.53589e-005 0.850275 1.59175e-005 0.149684 
2.48232e-005 0.839802 1.39355e-005 0.160159 
2.43206e-005 0.829323 1.20076e-005 0.170641 
2.38687e-005 0.819217 1.02108e-005 0.180749 
2.34857e-005 0.810086 8.65608e-006 0.189882 
2.32091e-005 0.803338 7.57868e-006 0.196631 
2.85656e-005 0.900174 2.46865e-005 0.0997727 
2.82746e-005 0.895476 2.36545e-005 0.104472 
2.78581e-005 0.88856 2.2162e-005 0.11139 
2.73873e-005 0.880362 2.04227e-005 0.11959 
2.68984e-005 0.871314 1.85394e-005 0.12864 
2.64166e-005 0.861763 1.6595e-005 0.138194 
2.59354e-005 0.851983 1.4693e-005 0.147976 
2.54383e-005 0.84161 1.27656e-005 0.158352 
2.49925e-005 0.831616 1.09688e-005 0.168348 
2.46142e-005 0.822611 9.41829e-006 0.177355 
2.43461e-005 0.816008 8.34123e-006 0.183959 
2.93426e-005 0.908885 2.51585e-005 0.0910604 
2.90788e-005 0.904481 2.41521e-005 0.0954653 
2.87033e-005 0.898006 2.26984e-005 0.101943 
2.82798e-005 0.8903 2.10024e-005 0.109651 
2.78507e-005 0.88181 1.9162e-005 0.118143 
2.7483e-005 0.873113 1.72449e-005 0.126842 
2.70925e-005 0.864847 1.55933e-005 0.13511 
2.65292e-005 0.85383 1.35768e-005 0.14613 
2.60896e-005 0.843973 1.17792e-005 0.155989 
2.57269e-005 0.835208 1.02391e-005 0.164756 
2.54727e-005 0.828814 9.16763e-006 0.171151 
3.00758e-005 0.917215 2.56256e-005 0.0827288 
2.98382e-005 0.913106 2.46496e-005 0.0868394 
2.94998e-005 0.90705 2.32389e-005 0.0928971 
2.91144e-005 0.899775 2.1589e-005 0.100174 
2.87087e-005 0.891554 1.9784e-005 0.108398 
2.82861e-005 0.882242 1.78445e-005 0.117712 
2.79327e-005 0.874425 1.62389e-005 0.125531 
2.75076e-005 0.865027 1.43457e-005 0.134931 
2.71167e-005 0.855781 1.25973e-005 0.144179 
2.67796e-005 0.847372 1.10814e-005 0.15259 
2.65417e-005 0.841223 1.00216e-005 0.15874 
3.07387e-005 0.924843 2.60672e-005 0.0751006 
3.05282e-005 0.921049 2.51268e-005 0.0788955 
3.02292e-005 0.915461 2.37667e-005 0.0844849 
2.98831e-005 0.908681 2.21746e-005 0.0912672 
2.95136e-005 0.900985 2.04312e-005 0.0989653 
2.91458e-005 0.892753 1.86255e-005 0.107199 
2.87887e-005 0.884476 1.68775e-005 0.115478 
2.84184e-005 0.875687 1.51004e-005 0.124269 
2.80614e-005 0.86688 1.34081e-005 0.133079 
2.77409e-005 0.858713 1.19122e-005 0.141247 
2.75156e-005 0.852772 1.0864e-005 0.14719 
3.12949e-005 0.931329 2.64547e-005 0.0686129 
3.11149e-005 0.927899 2.55539e-005 0.0720439 
3.08683e-005 0.922942 2.42547e-005 0.0770033 
3.0564e-005 0.916712 2.27355e-005 0.0832343 
3.02188e-005 0.909305 2.10177e-005 0.0906433 
2.99075e-005 0.901797 1.92683e-005 0.0981534 
2.95852e-005 0.89393 1.75564e-005 0.106023 
2.92443e-005 0.885555 1.58476e-005 0.1144 
2.8902e-005 0.877012 1.41999e-005 0.122945 
2.85649e-005 0.868648 1.268e-005 0.131311 
2.83397e-005 0.862754 1.1629e-005 0.137206 
3.16689e-005 0.93577 2.67305e-005 0.0641715 
3.15243e-005 0.932762 2.58658e-005 0.0671811 
3.13853e-005 0.929077 2.46498e-005 0.0708668 
3.11341e-005 0.923692 2.32887e-005 0.0762533 
3.07387e-005 0.915492 2.1462e-005 0.0844559 
3.05546e-005 0.909306 1.97492e-005 0.0906434 
3.02866e-005 0.902342 1.81841e-005 0.0976097 
2.99554e-005 0.894287 1.65578e-005 0.105667 
2.96141e-005 0.886013 1.49846e-005 0.113942 
2.91458e-005 0.875826 1.32639e-005 0.124132 
2.88967e-005 0.869625 1.21737e-005 0.130334 
3.17427e-005 0.933142 2.47655e-005 0.0668013 
3.16175e-005 0.930432 2.40706e-005 0.0695124 
3.10856e-005 0.914668 1.98113e-005 0.0852809 
3.08794e-005 0.909604 1.87427e-005 0.0903461 
3.04836e-005 0.901084 1.71658e-005 0.098868 
3.02326e-005 0.894983 1.5984e-005 0.104971 
3.14971e-005 0.919704 2.01799e-005 0.0802444 
3.13929e-005 0.916905 1.95533e-005 0.0830445 
0.494583 8.90169e-006 0.370906 0.134503 
0.493321 9.13398e-006 0.375623 0.131047 
0.478766 1.15357e-005 0.424006 0.0972168 
0.475119 1.19269e-005 0.432944 0.0919254 
0.469941 1.23913e-005 0.444338 0.0857083 
0.465652 1.27507e-005 0.453412 0.0809233 
0.479664 8.41179e-006 0.379911 0.140417 
0.478133 8.73855e-006 0.386316 0.135542 
0.463832 1.1004e-005 0.432706 0.103451 
0.459989 1.14769e-005 0.442991 0.0970081 
0.454771 1.20124e-005 0.455435 0.0897823 
0.449859 1.24276e-005 0.465943 0.0841853 
0.451472 5.96668e-006 0.374238 0.174283 
0.452053 6.53124e-006 0.382379 0.165562 
0.456436 7.47865e-006 0.391771 0.151785 
0.453533 8.19271e-006 0.405379 0.14108 
0.443332 8.91891e-006 0.426711 0.129948 
0.441688 9.97496e-006 0.442867 0.115434 
0.437279 1.07156e-005 0.457466 0.105245 
0.431764 1.13989e-005 0.472257 0.0959679 
0.423708 1.19751e-005 0.488236 0.0880437 
0.408654 1.2403e-005 0.509728 0.0816056 
0.400894 1.27625e-005 0.522484 0.076609 
0.434816 5.25969e-006 0.381859 0.18332 
0.434019 5.82504e-006 0.391939 0.174036 
0.43237 6.58327e-006 0.40557 0.162053 
0.428796 7.36054e-006 0.421088 0.150109 
0.422768 8.20113e-006 0.439693 0.13753 
0.414061 9.03655e-006 0.460741 0.125189 
0.408879 9.74651e-006 0.475922 0.11519 
0.405603 1.05864e-005 0.490485 0.103901 
0.398706 1.12766e-005 0.506781 0.0945014 
0.390021 1.18873e-005 0.523818 0.0861487 
0.383145 1.23281e-005 0.536705 0.0801375 
0.404172 2.57309e-006 0.369198 0.226627 
0.405186 3.10017e-006 0.378478 0.216333 
0.410318 4.08433e-006 0.390509 0.199169 
0.409251 4.82609e-006 0.404642 0.186102 
0.403618 5.51856e-006 0.422445 0.173931 
0.400185 6.26168e-006 0.437709 0.1621 
0.397806 7.25746e-006 0.454801 0.147386 
0.390479 8.15073e-006 0.475369 0.134144 
0.38442 8.8926e-006 0.492147 0.123425 
0.377611 9.61162e-006 0.509185 0.113194 
0.370744 1.03043e-005 0.525665 0.103581 
0.364769 1.11168e-005 0.542467 0.0927532 
0.355659 1.17226e-005 0.559961 0.084368 
0.339948 1.21681e-005 0.582749 0.0772908 
0.332057 1.25373e-005 0.595855 0.0720754 
0.389086 2.02894e-006 0.375229 0.235683 
0.388094 2.46858e-006 0.386317 0.225586 
0.384623 3.14309e-006 0.404362 0.211012 
0.382529 3.81646e-006 0.419353 0.198115 
0.379954 4.56994e-006 0.435204 0.184837 
0.376436 5.35521e-006 0.451766 0.171793 
0.371872 6.2293e-006 0.470067 0.158055 
0.367086 7.15427e-006 0.488655 0.144252 
0.361298 7.98278e-006 0.506586 0.132108 
0.354415 8.75112e-006 0.524564 0.121012 
0.346919 9.47178e-006 0.5423 0.110772 
0.338736 1.01597e-005 0.560157 0.101096 
0.330879 1.0805e-005 0.576893 0.0922172 
0.323087 1.15805e-005 0.595027 0.0818744 
0.316964 1.20405e-005 0.607348 0.0756755 
0.368356 1.31662e-006 0.382211 0.249431 
0.367077 1.71169e-006 0.394768 0.238153 
0.363284 2.33551e-006 0.414266 0.222448 
0.360673 2.95327e-006 0.430161 0.209162 
0.357793 3.66087e-006 0.446574 0.195629 
0.35403 4.43716e-006 0.464058 0.181907 
0.349383 5.281e-006 0.482661 0.16795 
0.344321 6.16717e-006 0.501568 0.154105 
0.338455 7.02369e-006 0.520368 0.14117 
0.331781 7.83732e-006 0.539014 0.129197 
0.324567 8.60215e-006 0.55724 0.118184 
0.317045 9.31556e-006 0.574855 0.108091 
0.309823 9.99903e-006 0.591528 0.0986391 
0.302143 1.08248e-005 0.610386 0.0874601 
0.295923 1.13385e-005 0.623616 0.08045 
0.338868 2.18846e-007 0.377448 0.283684 
0.344867 5.8352e-007 0.387038 0.268094 
0.344697 9.7808e-007 0.402526 0.252776 
0.341586 1.55098e-006 0.423321 0.235092 
0.338812 2.10575e-006 0.440107 0.22108 
0.33557 2.75375e-006 0.457318 0.20711 
0.331572 3.49151e-006 0.47557 0.192854 
0.326833 4.30304e-006 0.494694 0.178468 
0.321533 5.16071e-006 0.514187 0.164275 
0.315616 6.0221e-006 0.533664 0.150714 
0.309149 6.86113e-006 0.552845 0.137999 
0.302325 7.65965e-006 0.571408 0.126259 
0.295369 8.40684e-006 0.589085 0.115538 
0.288378 9.12296e-006 0.606142 0.105471 
0.279723 9.98093e-006 0.626778 0.0934891 
0.270963 1.05776e-005 0.644118 0.0849085 
0.258544 1.07979e-005 0.661247 0.0801988 
0.323379 5.7903e-008 0.381943 0.294677 
0.323937 1.65691e-007 0.393072 0.28299 
0.322659 4.11252e-007 0.410046 0.267295 
0.319614 8.52643e-007 0.431903 0.248482 
0.316703 1.3141e-006 0.449485 0.233811 
0.313235 1.88306e-006 0.467445 0.219318 
0.309067 2.55869e-006 0.486403 0.204527 
0.304232 3.32335e-006 0.506141 0.189624 
0.298838 4.14885e-006 0.526235 0.174922 
0.292952 5.0001e-006 0.546288 0.160755 
0.286683 5.8466e-006 0.565938 0.147374 
0.280196 6.66337e-006 0.584832 0.134966 
0.273648 7.43399e-006 0.602724 0.12362 
0.266924 8.176e-006 0.620116 0.112952 
0.258242 9.06876e-006 0.64153 0.100219 
0.250463 9.74747e-006 0.658898 0.0906288 
0.243891 1.01606e-005 0.671506 0.084593 
0.304158 1.48406e-009 0.387186 0.308656 
0.303028 3.80785e-009 0.399174 0.297798 
0.300934 7.39463e-008 0.417116 0.281949 
0.297798 3.14104e-007 0.439853 0.262349 
0.294771 6.47286e-007 0.45813 0.247098 
0.291162 1.10824e-006 0.476769 0.232068 
0.286882 1.69366e-006 0.49639 0.216726 
0.281987 2.38939e-006 0.51675 0.20126 
0.276579 3.16711e-006 0.537429 0.185988 
0.270779 3.9912e-006 0.557998 0.171219 
0.264718 4.82755e-006 0.578067 0.15721 
0.258539 5.64657e-006 0.597278 0.144178 
0.252348 6.42751e-006 0.615408 0.132238 
0.245951 7.18495e-006 0.633036 0.121006 
0.237605 8.10183e-006 0.654782 0.107605 
0.230802 8.83343e-006 0.671923 0.0972662 
0.226088 9.32269e-006 0.683403 0.0905 
0.285289 4.97148e-009 0.39193 0.322781 
0.28258 1.37848e-009 0.404882 0.312538 
0.279761 1.3823e-009 0.423548 0.296691 
0.276582 7.62105e-009 0.446967 0.276451 
0.273484 1.81071e-007 0.465833 0.260683 
0.269778 4.94127e-007 0.485085 0.245136 
0.265427 9.53234e-007 0.505327 0.229245 
0.260501 1.55124e-006 0.526304 0.213193 
0.25511 2.25821e-006 0.547555 0.197332 
0.249429 3.03425e-006 0.568591 0.181977 
0.243604 3.84113e-006 0.589018 0.167374 
0.23775 4.64562e-006 0.608498 0.153747 
0.231927 5.4229e-006 0.626832 0.141235 
0.225895 6.1822e-006 0.644607 0.129492 
0.217989 7.10488e-006 0.666457 0.115547 
0.212173 7.87724e-006 0.683282 0.104537 
0.209009 8.45644e-006 0.694193 0.0967893 
0.270595 1.03705e-005 0.395323 0.334072 
0.262959 8.57619e-006 0.41053 0.326503 
0.259342 1.40324e-006 0.429373 0.311284 
0.256375 1.77661e-009 0.453086 0.290539 
0.253276 2.59113e-009 0.472403 0.274321 
0.249481 9.88342e-008 0.492215 0.258304 
0.245079 3.86796e-007 0.513033 0.241887 
0.240137 8.55604e-007 0.534643 0.22522 
0.23474 1.46538e-006 0.556492 0.208766 
0.229196 2.16892e-006 0.577934 0.192868 
0.223655 2.92456e-006 0.598623 0.177719 
0.218185 3.69663e-006 0.618289 0.163523 
0.212785 4.45656e-006 0.636777 0.150433 
0.207138 5.20086e-006 0.654612 0.138245 
0.199622 6.09556e-006 0.676323 0.124049 
0.19507 6.88957e-006 0.69232 0.112603 
0.196026 7.75209e-006 0.701878 0.102088 
0.241496 4.94591e-005 0.419096 0.339358 
0.239573 2.51341e-005 0.434805 0.325596 
0.237527 7.00101e-006 0.458022 0.304444 
0.234497 3.11042e-007 0.477651 0.287851 
0.230566 2.03239e-009 0.498027 0.271407 
0.22614 3.15639e-008 0.519332 0.254528 
0.22119 3.40644e-007 0.541665 0.237144 
0.215675 8.2774e-007 0.564261 0.220064 
0.210286 1.43171e-006 0.585988 0.203724 
0.205114 2.11136e-006 0.60677 0.188114 
0.200112 2.83125e-006 0.626497 0.173388 
0.195217 3.56362e-006 0.645148 0.159632 
0.18996 4.27544e-006 0.662988 0.147048 
0.18248 5.07535e-006 0.684272 0.133243 
0.178116 5.66346e-006 0.697989 0.12389 
0.223802 0.00012914 0.423111 0.352958 
0.22205 8.05714e-005 0.438202 0.339668 
0.220173 3.50301e-005 0.46124 0.318552 
0.216974 1.15419e-005 0.481346 0.301668 
0.21295 1.28626e-006 0.502515 0.284533 
0.208632 1.79469e-009 0.524025 0.267343 
0.203615 3.96941e-008 0.547374 0.249011 
0.197834 3.75905e-007 0.571154 0.231011 
0.192735 8.50398e-007 0.592833 0.214431 
0.188045 1.42505e-006 0.61344 0.198513 
0.183507 2.06449e-006 0.633073 0.183418 
0.178984 2.76138e-006 0.652238 0.168775 
0.174256 3.44591e-006 0.670188 0.155553 
0.167318 4.18928e-006 0.691066 0.141612 
0.163487 4.72322e-006 0.704047 0.132461 
0.211544 0.000224354 0.424655 0.363577 
0.208572 0.000155229 0.439634 0.351639 
0.200846 0.000101512 0.462352 0.3367 
0.197111 4.94334e-005 0.483366 0.319474 
0.195362 1.41405e-005 0.505998 0.298626 
0.191566 1.30647e-006 0.527022 0.28141 
0.184801 1.45473e-009 0.552352 0.262847 
0.180484 1.20851e-007 0.577818 0.241698 
0.176272 4.33748e-007 0.598558 0.225169 
0.171939 8.68553e-007 0.618906 0.209154 
0.167336 1.36853e-006 0.638422 0.19424 
0.160542 1.92874e-006 0.660135 0.179321 
0.156485 2.59532e-006 0.678472 0.165041 
0.155595 3.5357e-006 0.696238 0.148163 
0.153274 4.0956e-006 0.708375 0.138347 
0.182023 0.000185889 0.470161 0.347631 
0.179325 0.000112996 0.48639 0.334172 
0.175524 5.13059e-005 0.507855 0.31657 
0.171739 1.46179e-005 0.530626 0.29762 
0.167821 3.96954e-009 0.556068 0.276111 
0.164592 1.69934e-009 0.58231 0.253098 
0.160351 1.5403e-007 0.602768 0.236881 
0.153543 3.88152e-007 0.624889 0.221567 
0.148851 7.58085e-007 0.645229 0.205919 
0.144983 1.21638e-006 0.66447 0.190546 
0.142104 1.62779e-006 0.678567 0.179328 
0.170147 0.000285767 0.47261 0.356958 
0.166994 0.000189342 0.487928 0.344889 
0.159738 0.000110946 0.509634 0.330517 
0.156223 5.07661e-005 0.530986 0.31274 
0.154711 7.79106e-006 0.558131 0.28715 
0.147195 1.43485e-009 0.58644 0.266365 
0.142435 2.38901e-009 0.608072 0.249493 
0.137885 1.26412e-007 0.628586 0.233529 
0.134602 3.71662e-007 0.647629 0.217768 
0.134306 7.89645e-007 0.666698 0.198995 
0.132493 1.11719e-006 0.679848 0.187658 
0.144847 0.00018035 0.513831 0.341141 
0.143405 0.000122099 0.5244 0.332073 
0.131636 1.63312e-007 0.597644 0.27072 
0.128782 1.20677e-009 0.612666 0.258552 
0.125458 4.14651e-009 0.630039 0.244503 
0.122867 9.583e-008 0.643938 0.233195 
0.136108 0.000262701 0.513856 0.349773 
0.135214 0.000192775 0.52206 0.342534 
0.122586 5.08769e-006 0.60162 0.275789 
0.120319 1.59998e-008 0.61482 0.264861 
0.117589 1.70714e-009 0.63084 0.251571 
0.115339 1.13338e-008 0.643373 0.241288 
0.0221949 0.0850191 0.0307864 0.862 
0.0229046 0.0830417 0.0328209 0.861233 
0.0310669 0.0637306 0.0582858 0.846917 
0.0325414 0.0607254 0.0636477 0.843086 
0.0343612 0.0572138 0.0707316 0.837693 
0.0358982 0.054508 0.0768121 0.832782 
0.0202899 0.0893214 0.0296718 0.860717 
0.0211365 0.0865213 0.0322791 0.860063 
0.0280631 0.0682676 0.0552369 0.848432 
0.0296171 0.064606 0.0611251 0.844652 
0.031465 0.0605253 0.068621 0.839389 
0.0329691 0.0573955 0.0751875 0.834448 
0.0137593 0.11102 0.0191056 0.856115 
0.0149559 0.10583 0.0221544 0.85706 
0.0172161 0.0974273 0.0272336 0.858123 
0.0188014 0.0912639 0.0324997 0.857435 
0.0203013 0.0852764 0.0397909 0.854631 
0.0233474 0.0767497 0.0491869 0.850716 
0.0254301 0.0709203 0.0571358 0.846514 
0.027429 0.0656678 0.0657112 0.841192 
0.0290054 0.0613587 0.0744732 0.835163 
0.0295307 0.0583591 0.0835966 0.828514 
0.0304653 0.0557657 0.0908622 0.822907 
0.0120606 0.117547 0.0177883 0.852604 
0.0130693 0.112091 0.0208233 0.854016 
0.0144966 0.105107 0.0253507 0.855046 
0.0159753 0.0982563 0.0307855 0.854983 
0.0175802 0.0911708 0.0376174 0.853632 
0.0190988 0.0843999 0.0453397 0.851162 
0.0206965 0.0787731 0.0525 0.84803 
0.0229942 0.0722193 0.0617283 0.843058 
0.0247036 0.0670003 0.0709376 0.837359 
0.0261172 0.0624885 0.0805011 0.830893 
0.0271851 0.0592654 0.0882096 0.82534 
0.00719726 0.145713 0.00964711 0.837443 
0.00797704 0.13948 0.0117094 0.840833 
0.00955789 0.128842 0.0153866 0.846214 
0.0106618 0.121117 0.0190289 0.849192 
0.0115738 0.114268 0.0233253 0.850833 
0.0127519 0.107475 0.0281573 0.851616 
0.0145265 0.0988857 0.0349901 0.851598 
0.0158863 0.0915025 0.042324 0.850287 
0.0171619 0.0855356 0.0492346 0.848068 
0.0184924 0.0799122 0.0569991 0.844596 
0.0198583 0.0746301 0.0654209 0.840091 
0.0217677 0.0684986 0.0761625 0.833571 
0.022884 0.0640536 0.0859765 0.827086 
0.0229353 0.0609017 0.0959177 0.820245 
0.0234691 0.0582593 0.103569 0.814702 
0.00620985 0.152535 0.00900592 0.832249 
0.00677097 0.146536 0.0109377 0.835755 
0.00755175 0.13805 0.0141636 0.840235 
0.00840658 0.130479 0.0175139 0.843601 
0.00937978 0.122727 0.0216053 0.846288 
0.0104268 0.115211 0.0264048 0.847957 
0.0116419 0.107376 0.0323568 0.848625 
0.0129613 0.0994941 0.0391426 0.848402 
0.014141 0.0926776 0.0460972 0.847084 
0.0152458 0.0865667 0.053565 0.844623 
0.0163135 0.081003 0.0615869 0.841097 
0.0173781 0.075813 0.0704019 0.836407 
0.018419 0.0710348 0.0796446 0.830902 
0.0198693 0.0652956 0.0915912 0.823244 
0.0206532 0.0619469 0.0995934 0.817807 
0.00495718 0.162905 0.00806491 0.824073 
0.0054333 0.156156 0.00997277 0.828438 
0.00607259 0.146945 0.0130826 0.8339 
0.00676209 0.139146 0.0162305 0.837861 
0.00756696 0.131252 0.0200638 0.841117 
0.00845324 0.123341 0.0246643 0.843542 
0.00943182 0.115375 0.0301405 0.845053 
0.0104838 0.107506 0.0363723 0.845638 
0.0114918 0.100242 0.0430906 0.845176 
0.0124462 0.0936133 0.0503093 0.843631 
0.0133555 0.087592 0.0580057 0.841047 
0.0142318 0.0821308 0.0661792 0.837458 
0.0151519 0.0770035 0.0749888 0.832856 
0.0164645 0.0708252 0.0866941 0.826016 
0.0171789 0.0670474 0.0947886 0.820985 
0.00293454 0.187033 0.00511769 0.804915 
0.0036193 0.176819 0.00675432 0.812807 
0.00416342 0.167428 0.00892786 0.819481 
0.00475529 0.156886 0.0119895 0.826369 
0.00532352 0.148618 0.0149684 0.83109 
0.00597273 0.140463 0.0185645 0.835 
0.00669746 0.132232 0.0229005 0.83817 
0.00748856 0.124004 0.028002 0.840506 
0.00832539 0.115947 0.0338041 0.841923 
0.00915758 0.108323 0.0401849 0.842335 
0.00996433 0.101248 0.047081 0.841707 
0.0107393 0.0947803 0.0544216 0.840059 
0.0114861 0.0889229 0.0621602 0.837431 
0.0122523 0.0834456 0.0705698 0.833732 
0.0132602 0.0769339 0.081948 0.827858 
0.0137376 0.0724909 0.0909795 0.822792 
0.0131802 0.0708319 0.0967039 0.819284 
0.00233202 0.195746 0.00467329 0.797249 
0.00267226 0.188456 0.00595426 0.802917 
0.00309754 0.178893 0.00801817 0.809991 
0.00359835 0.167589 0.0109363 0.817876 
0.0040578 0.158883 0.0137376 0.823322 
0.00457482 0.150392 0.0171047 0.827928 
0.00515427 0.141823 0.0211668 0.831856 
0.00578537 0.133272 0.0259335 0.835009 
0.00645072 0.124907 0.0313619 0.83728 
0.0071247 0.116916 0.037378 0.838581 
0.00778959 0.109431 0.0439064 0.838873 
0.00843465 0.102547 0.0508591 0.838159 
0.00905708 0.0962992 0.0581801 0.836464 
0.00968488 0.0904657 0.0661622 0.833687 
0.0104877 0.0835478 0.0770484 0.828916 
0.0109869 0.0784188 0.0860927 0.824502 
0.0111347 0.0753384 0.092388 0.821139 
0.00168925 0.207012 0.00418117 0.787118 
0.00190152 0.200368 0.00530867 0.792422 
0.00221765 0.190727 0.00721874 0.799836 
0.00261641 0.17886 0.00995172 0.808572 
0.00297741 0.16975 0.0125685 0.814704 
0.00338152 0.160896 0.015712 0.820011 
0.00383554 0.151963 0.0195073 0.824694 
0.00433089 0.143045 0.0239622 0.828662 
0.00485445 0.134317 0.0290426 0.831786 
0.00539084 0.125943 0.0346913 0.833975 
0.00592663 0.118058 0.0408354 0.83518 
0.00645103 0.110773 0.0473849 0.835391 
0.00695841 0.104146 0.0542817 0.834614 
0.00746731 0.0979629 0.0618081 0.832762 
0.00811542 0.0906464 0.0721002 0.829138 
0.00858909 0.0849872 0.0808185 0.825605 
0.00887369 0.0812753 0.0870494 0.822802 
0.00115867 0.218596 0.00375069 0.776495 
0.0012878 0.212512 0.00476946 0.781431 
0.00151213 0.202884 0.00651895 0.789085 
0.00181503 0.190512 0.00905355 0.798619 
0.00208966 0.181015 0.0114853 0.80541 
0.00239768 0.171793 0.0144122 0.811397 
0.00274546 0.16248 0.0179525 0.816822 
0.00312669 0.153168 0.0221151 0.82159 
0.0035315 0.144049 0.026866 0.825553 
0.00395029 0.135286 0.0321536 0.82861 
0.0043735 0.127004 0.0379133 0.830709 
0.00479175 0.11932 0.0440602 0.831828 
0.00519858 0.112311 0.0505344 0.831956 
0.00560647 0.105794 0.0575873 0.831012 
0.00612883 0.0981381 0.0672227 0.82851 
0.00656612 0.0919766 0.0755424 0.825915 
0.00692154 0.087472 0.0818393 0.823767 
0.000814605 0.228017 0.00345395 0.767714 
0.000827789 0.224396 0.0043645 0.770412 
0.000969986 0.215197 0.00592567 0.777907 
0.00119057 0.202341 0.00825483 0.788213 
0.00139203 0.192474 0.0105046 0.795629 
0.00161911 0.1829 0.0132233 0.802257 
0.00187825 0.173208 0.0165218 0.808392 
0.00216497 0.163466 0.0204164 0.813953 
0.00247019 0.153946 0.0248582 0.818726 
0.00278989 0.144804 0.0297936 0.822612 
0.00311837 0.136132 0.0351765 0.825573 
0.00344793 0.128042 0.0409347 0.827575 
0.00377166 0.120626 0.0470068 0.828596 
0.00409337 0.113803 0.053568 0.828536 
0.00450265 0.105987 0.0624228 0.827087 
0.00491831 0.0994164 0.0702236 0.825442 
0.00558393 0.0925916 0.0777971 0.824027 
0.000476547 0.236242 0.00420519 0.759076 
0.000570884 0.2276 0.0054452 0.766384 
0.000731355 0.21419 0.00755831 0.77752 
0.000873601 0.203978 0.0096326 0.785516 
0.00103303 0.194074 0.0121541 0.792739 
0.00121956 0.184023 0.0152206 0.799537 
0.00143062 0.173774 0.0188872 0.805908 
0.00165169 0.163831 0.023051 0.811466 
0.0018887 0.154356 0.0276356 0.81612 
0.00214017 0.145322 0.0326481 0.81989 
0.00239938 0.136823 0.0380394 0.822738 
0.00266046 0.128917 0.0437729 0.82465 
0.00290729 0.121803 0.0498362 0.825454 
0.00317825 0.114269 0.0575831 0.82497 
0.00339505 0.109026 0.0632489 0.82433 
0.00023934 0.248276 0.0039125 0.747572 
0.000301009 0.239823 0.00499637 0.754879 
0.000416821 0.226296 0.00692123 0.766366 
0.000512257 0.215827 0.0088413 0.77482 
0.000616897 0.205388 0.0111978 0.782797 
0.000744911 0.195039 0.0140174 0.790199 
0.000899056 0.184131 0.017527 0.797443 
0.00104849 0.173577 0.021482 0.803892 
0.00121742 0.163859 0.0256898 0.809234 
0.00140811 0.154526 0.030326 0.81374 
0.00161059 0.145709 0.0353503 0.81733 
0.00182943 0.13719 0.040894 0.820087 
0.00202656 0.12959 0.0466229 0.82176 
0.00220952 0.12189 0.0536301 0.82227 
0.00235534 0.116699 0.0585415 0.822404 
0.000114111 0.257623 0.00367125 0.738591 
0.000146124 0.25022 0.00461606 0.745018 
0.0001783 0.241796 0.00613149 0.751894 
0.000238239 0.231101 0.00792658 0.760734 
0.000330672 0.217686 0.0103074 0.771676 
0.000410253 0.207122 0.0128037 0.779664 
0.000494554 0.196305 0.0161477 0.787053 
0.000617401 0.183357 0.0201613 0.795864 
0.000736184 0.173461 0.0239133 0.801889 
0.000876837 0.163979 0.0281673 0.806977 
0.00101173 0.155267 0.0327087 0.811013 
0.00112814 0.146959 0.0380656 0.813847 
0.00129597 0.138564 0.043684 0.816456 
0.00160455 0.12795 0.0509073 0.819538 
0.00175375 0.12208 0.055611 0.820555 
5.33856e-005 0.252763 0.00598352 0.7412 
8.11052e-005 0.244272 0.00729259 0.748354 
0.00012492 0.233305 0.00926881 0.757301 
0.000174805 0.221494 0.0117394 0.766592 
0.000237328 0.208074 0.0149563 0.776732 
0.000327978 0.19361 0.0188104 0.787252 
0.000396069 0.183857 0.022123 0.793624 
0.0004571 0.175252 0.026022 0.798269 
0.000541263 0.16604 0.0303398 0.803079 
0.000635108 0.156856 0.0350443 0.807465 
0.000716303 0.15018 0.0388615 0.810242 
1.31229e-008 0.261509 0.00574171 0.732749 
1.21834e-005 0.253965 0.00685676 0.739166 
2.94602e-005 0.245794 0.00851941 0.745657 
5.52495e-005 0.234616 0.010665 0.754664 
9.87101e-005 0.217874 0.0140008 0.768026 
0.000124321 0.205638 0.0173843 0.776854 
0.000158827 0.195493 0.0205385 0.78381 
0.000199002 0.185956 0.0240291 0.789816 
0.000257075 0.176352 0.0279168 0.795474 
0.000366088 0.16424 0.0329248 0.802469 
0.000425929 0.157262 0.0363474 0.805965 
3.19737e-008 0.256131 0.00806356 0.735805 
5.11643e-006 0.250277 0.00902582 0.740692 
3.06481e-005 0.211628 0.0172501 0.771091 
4.15589e-005 0.204157 0.0194093 0.776392 
5.68994e-005 0.195574 0.0221801 0.782189 
7.5317e-005 0.188681 0.024648 0.786596 
2.61367e-009 0.263977 0.00762741 0.728396 
3.50715e-009 0.259186 0.00830615 0.732508 
2.24029e-009 0.216909 0.0168335 0.766258 
3.19229e-009 0.210101 0.0186559 0.771243 
1.03891e-006 0.201848 0.0210823 0.777069 
5.37753e-006 0.195519 0.0231318 0.781344 
1.94904e-005 0.804747 1.85075e-005 0.195215 
1.92108e-005 0.80072 1.78406e-005 0.199243 
1.62286e-005 0.755481 1.07033e-005 0.244492 
1.57432e-005 0.747177 9.46735e-006 0.252798 
1.51637e-005 0.736756 7.95196e-006 0.263221 
1.4696e-005 0.728099 6.76186e-006 0.271879 
2.02125e-005 0.811632 1.87312e-005 0.188329 
1.98535e-005 0.806412 1.78471e-005 0.19355 
1.72082e-005 0.765662 1.1251e-005 0.23431 
1.66607e-005 0.756362 9.83529e-006 0.243611 
1.60323e-005 0.745159 8.17877e-006 0.254817 
1.55404e-005 0.735866 6.85159e-006 0.264111 
2.30617e-005 0.84492 2.25142e-005 0.155034 
2.24805e-005 0.837226 2.12689e-005 0.16273 
2.14521e-005 0.824063 1.93876e-005 0.175896 
2.07283e-005 0.813407 1.75505e-005 0.186555 
2.00516e-005 0.801501 1.51893e-005 0.198464 
1.88557e-005 0.783737 1.25428e-005 0.216231 
1.80548e-005 0.770535 1.04981e-005 0.229437 
1.73109e-005 0.757418 8.52809e-006 0.242556 
1.67337e-005 0.745541 6.71274e-006 0.254435 
1.64928e-005 0.736024 4.9738e-006 0.263955 
1.6162e-005 0.72747 3.79158e-006 0.27251 
2.38589e-005 0.853048 2.29509e-005 0.146905 
2.33217e-005 0.84562 2.1634e-005 0.154335 
2.25987e-005 0.835337 1.98311e-005 0.16462 
2.18681e-005 0.824327 1.78565e-005 0.175633 
2.11015e-005 0.81189 1.55845e-005 0.188073 
2.04127e-005 0.799229 1.31966e-005 0.200737 
1.97367e-005 0.787512 1.12627e-005 0.212457 
1.88158e-005 0.772396 9.10149e-006 0.227576 
1.814e-005 0.759265 7.14228e-006 0.24071 
1.75796e-005 0.74686 5.33273e-006 0.253117 
1.71719e-005 0.737287 4.05657e-006 0.262692 
2.65554e-005 0.884807 2.691e-005 0.115139 
2.60552e-005 0.87827 2.57447e-005 0.121678 
2.51233e-005 0.866389 2.38787e-005 0.133562 
2.44644e-005 0.857115 2.21644e-005 0.142838 
2.39208e-005 0.848219 2.03001e-005 0.151737 
2.32753e-005 0.838296 1.84585e-005 0.161662 
2.2361e-005 0.824565 1.61294e-005 0.175397 
2.1676e-005 0.81208 1.37862e-005 0.187884 
2.10687e-005 0.800908 1.18245e-005 0.199059 
2.04632e-005 0.789202 9.86495e-006 0.210768 
1.98642e-005 0.777138 7.98375e-006 0.222834 
1.90616e-005 0.761793 5.91485e-006 0.238182 
1.85695e-005 0.749699 4.27437e-006 0.250278 
1.8421e-005 0.740236 2.86218e-006 0.259743 
1.81592e-005 0.731926 1.98106e-006 0.268054 
2.71418e-005 0.890967 2.71996e-005 0.108979 
2.6733e-005 0.885245 2.6036e-005 0.114702 
2.618e-005 0.876797 2.42349e-005 0.123153 
2.56084e-005 0.868427 2.25817e-005 0.131525 
2.49861e-005 0.859058 2.0774e-005 0.140896 
2.43482e-005 0.849067 1.88675e-005 0.15089 
2.36484e-005 0.837628 1.67315e-005 0.162332 
2.29279e-005 0.825298 1.45131e-005 0.174665 
2.23032e-005 0.813746 1.24558e-005 0.186219 
2.17368e-005 0.802362 1.04758e-005 0.197606 
2.12076e-005 0.790946 8.58632e-006 0.209024 
2.06934e-005 0.779156 6.76861e-006 0.220817 
2.01939e-005 0.76731 5.13678e-006 0.232665 
1.95043e-005 0.752024 3.35226e-006 0.247953 
1.91292e-005 0.742493 2.34695e-006 0.257485 
2.7947e-005 0.899681 2.76807e-005 0.100263 
2.75478e-005 0.893942 2.64562e-005 0.106004 
2.70293e-005 0.885707 2.46265e-005 0.114241 
2.65098e-005 0.877864 2.29983e-005 0.122087 
2.59376e-005 0.869079 2.12377e-005 0.130874 
2.53381e-005 0.859449 1.93369e-005 0.140506 
2.47119e-005 0.848869 1.72915e-005 0.151089 
2.40744e-005 0.837569 1.51803e-005 0.162392 
2.34822e-005 0.826301 1.31185e-005 0.173662 
2.29366e-005 0.815081 1.11235e-005 0.184885 
2.24315e-005 0.803906 9.22537e-006 0.196062 
2.19567e-005 0.79274 7.45232e-006 0.20723 
2.14698e-005 0.781166 5.81122e-006 0.218807 
2.07887e-005 0.76596 3.94607e-006 0.234015 
2.04088e-005 0.756171 2.83398e-006 0.243806 
2.95028e-005 0.917974 2.96742e-005 0.081967 
2.89078e-005 0.910477 2.84619e-005 0.0894654 
2.84002e-005 0.903313 2.69683e-005 0.0966316 
2.78645e-005 0.89479 2.5073e-005 0.105157 
2.73785e-005 0.88728 2.34557e-005 0.112669 
2.68568e-005 0.879035 2.17309e-005 0.120916 
2.63067e-005 0.869925 1.9865e-005 0.130029 
2.57405e-005 0.860014 1.78832e-005 0.139942 
2.51731e-005 0.849506 1.58438e-005 0.150453 
2.4627e-005 0.838733 1.38156e-005 0.161229 
2.4109e-005 0.827807 1.18314e-005 0.172157 
2.36252e-005 0.816889 9.93827e-006 0.183078 
2.31711e-005 0.806037 8.17557e-006 0.193932 
2.27127e-005 0.794812 6.52041e-006 0.205159 
2.21027e-005 0.78018 4.58721e-006 0.219793 
2.17662e-005 0.769712 3.26078e-006 0.230263 
2.18832e-005 0.765612 2.54585e-006 0.234364 
3.00096e-005 0.923654 2.99511e-005 0.0762859 
2.96486e-005 0.918791 2.89253e-005 0.0811503 
2.91905e-005 0.912134 2.74287e-005 0.0878093 
2.86787e-005 0.90383 2.55348e-005 0.0961155 
2.82283e-005 0.896694 2.39408e-005 0.103254 
2.77525e-005 0.888943 2.22534e-005 0.111007 
2.72525e-005 0.880367 2.04311e-005 0.119585 
2.67429e-005 0.871067 1.8504e-005 0.128888 
2.62376e-005 0.861229 1.65246e-005 0.138728 
2.57406e-005 0.851035 1.45519e-005 0.148925 
2.52513e-005 0.840462 1.2592e-005 0.1595 
2.4792e-005 0.829858 1.07143e-005 0.170106 
2.4362e-005 0.81934 8.96137e-006 0.180627 
